[ 34 129 266 328 385 559]
('full', True, 'even', True)
[[[ 1.  1.  2.]
  [ 4.  1.  2.]
  [ 4.  4.  2.]]

 [[ 1.  5.  3.]
  [ 5.  5.  2.]
  [ 4.  5.  6.]]

 [[ 3.  3.  3.]
  [ 5.  6.  6.]
  [ 6.  6.  6.]]]
#
[ 34 287 552 328 420 148]
('full', True, 'even', True)
[[[ 1.  1.  3.]
  [ 4.  1.  3.]
  [ 4.  4.  6.]]

 [[ 1.  5.  3.]
  [ 5.  5.  5.]
  [ 4.  6.  6.]]

 [[ 2.  5.  3.]
  [ 2.  2.  6.]
  [ 2.  6.  6.]]]
#
[ 34 338 480 165 417 170]
('full', True, 'even', True)
[[[ 1.  1.  4.]
  [ 2.  1.  6.]
  [ 6.  6.  6.]]

 [[ 1.  4.  4.]
  [ 2.  5.  4.]
  [ 2.  6.  6.]]

 [[ 3.  3.  3.]
  [ 2.  5.  3.]
  [ 5.  5.  5.]]]
#
[ 34 338 480 165 440 235]
('full', True, 'even', True)
[[[ 1.  1.  4.]
  [ 2.  1.  6.]
  [ 6.  6.  6.]]

 [[ 1.  4.  4.]
  [ 2.  5.  4.]
  [ 2.  6.  6.]]

 [[ 5.  5.  5.]
  [ 2.  5.  3.]
  [ 3.  3.  3.]]]
#
[ 34 415 317 480 235 165]
('full', True, 'even', True)
[[[ 1.  1.  5.]
  [ 2.  1.  6.]
  [ 6.  6.  6.]]

 [[ 1.  4.  5.]
  [ 2.  5.  5.]
  [ 2.  6.  6.]]

 [[ 4.  4.  5.]
  [ 2.  4.  3.]
  [ 3.  3.  3.]]]
#
[ 58 117 220 322 437 502]
('full', True, 'even', True)
[[[ 1.  1.  3.]
  [ 1.  5.  3.]
  [ 2.  3.  3.]]

 [[ 4.  5.  5.]
  [ 1.  5.  6.]
  [ 2.  2.  6.]]

 [[ 4.  4.  6.]
  [ 4.  5.  6.]
  [ 2.  6.  6.]]]
#
[ 58 237 153 468 322 559]
('full', True, 'even', True)
[[[ 1.  1.  2.]
  [ 1.  5.  5.]
  [ 3.  3.  3.]]

 [[ 4.  5.  2.]
  [ 1.  5.  2.]
  [ 3.  5.  6.]]

 [[ 4.  4.  2.]
  [ 4.  6.  6.]
  [ 6.  6.  6.]]]
#
[ 58 330 484 155 296 430]
('full', True, 'even', True)
[[[ 1.  1.  3.]
  [ 1.  4.  3.]
  [ 4.  4.  3.]]

 [[ 2.  2.  2.]
  [ 1.  5.  5.]
  [ 6.  4.  3.]]

 [[ 6.  2.  5.]
  [ 6.  6.  5.]
  [ 6.  6.  5.]]]
#
[ 58 330 484 155 433 284]
('full', True, 'even', True)
[[[ 1.  1.  5.]
  [ 1.  4.  5.]
  [ 4.  4.  5.]]

 [[ 2.  2.  2.]
  [ 1.  5.  5.]
  [ 6.  4.  3.]]

 [[ 6.  2.  3.]
  [ 6.  6.  3.]
  [ 6.  6.  3.]]]
#
[ 58 376 340 484 284 155]
('full', True, 'even', True)
[[[ 1.  1.  4.]
  [ 1.  4.  4.]
  [ 5.  5.  5.]]

 [[ 2.  2.  2.]
  [ 1.  5.  4.]
  [ 6.  5.  3.]]

 [[ 6.  2.  3.]
  [ 6.  6.  3.]
  [ 6.  6.  3.]]]
#
[ 72 154 309 331 432 552]
('full', True, 'even', True)
[[[ 1.  4.  4.]
  [ 1.  5.  4.]
  [ 3.  5.  6.]]

 [[ 1.  1.  4.]
  [ 5.  5.  5.]
  [ 3.  6.  6.]]

 [[ 2.  2.  2.]
  [ 3.  2.  6.]
  [ 3.  6.  6.]]]
#
[ 72 217 107 387 331 502]
('full', True, 'even', True)
[[[ 1.  4.  4.]
  [ 1.  5.  4.]
  [ 2.  2.  2.]]

 [[ 1.  1.  4.]
  [ 5.  5.  6.]
  [ 5.  2.  6.]]

 [[ 3.  3.  6.]
  [ 3.  5.  6.]
  [ 3.  6.  6.]]]
#
[ 72 359 481 130 174 465]
('full', True, 'even', True)
[[[ 1.  2.  6.]
  [ 1.  2.  2.]
  [ 3.  2.  5.]]

 [[ 1.  1.  6.]
  [ 4.  5.  6.]
  [ 3.  5.  5.]]

 [[ 4.  6.  6.]
  [ 4.  4.  6.]
  [ 3.  3.  5.]]]
#
[ 72 359 481 130 379 295]
('full', True, 'even', True)
[[[ 1.  2.  6.]
  [ 1.  2.  2.]
  [ 5.  2.  3.]]

 [[ 1.  1.  6.]
  [ 4.  5.  6.]
  [ 5.  5.  3.]]

 [[ 4.  6.  6.]
  [ 4.  4.  6.]
  [ 5.  3.  3.]]]
#
[ 72 413 352 481 295 130]
('full', True, 'even', True)
[[[ 1.  2.  6.]
  [ 1.  2.  2.]
  [ 4.  2.  3.]]

 [[ 1.  1.  6.]
  [ 4.  5.  6.]
  [ 4.  4.  3.]]

 [[ 5.  6.  6.]
  [ 5.  5.  6.]
  [ 5.  3.  3.]]]
#
[119  92 225 429 520 358]
('full', True, 'even', True)
[[[ 2.  6.  6.]
  [ 3.  6.  6.]
  [ 3.  6.  5.]]

 [[ 2.  6.  4.]
  [ 2.  5.  5.]
  [ 3.  1.  5.]]

 [[ 2.  4.  4.]
  [ 1.  1.  4.]
  [ 3.  1.  5.]]]
#
[119 242 328 470 546  31]
('full', True, 'even', True)
[[[ 2.  6.  5.]
  [ 4.  5.  5.]
  [ 4.  4.  5.]]

 [[ 2.  6.  6.]
  [ 2.  5.  1.]
  [ 4.  1.  1.]]

 [[ 2.  6.  6.]
  [ 3.  6.  1.]
  [ 3.  3.  3.]]]
#
[119 309  65 415 321 482]
('full', True, 'even', True)
[[[ 2.  1.  5.]
  [ 1.  1.  4.]
  [ 3.  4.  4.]]

 [[ 2.  1.  5.]
  [ 2.  5.  5.]
  [ 3.  6.  4.]]

 [[ 2.  6.  5.]
  [ 3.  6.  6.]
  [ 3.  6.  6.]]]
#
[119 371 376  65 478 278]
('full', True, 'even', True)
[[[ 2.  1.  3.]
  [ 1.  1.  6.]
  [ 5.  5.  5.]]

 [[ 2.  1.  3.]
  [ 2.  5.  6.]
  [ 4.  5.  6.]]

 [[ 2.  3.  3.]
  [ 4.  6.  6.]
  [ 4.  4.  6.]]]
#
[119 371 501   5 296 438]
('full', True, 'even', True)
[[[ 2.  6.  3.]
  [ 6.  6.  3.]
  [ 6.  6.  3.]]

 [[ 2.  1.  1.]
  [ 2.  5.  1.]
  [ 4.  6.  3.]]

 [[ 2.  1.  5.]
  [ 4.  5.  5.]
  [ 4.  4.  5.]]]
#
[119 371 501  24 415 208]
('full', True, 'even', True)
[[[ 2.  6.  5.]
  [ 6.  6.  3.]
  [ 6.  6.  3.]]

 [[ 2.  1.  5.]
  [ 2.  5.  5.]
  [ 4.  6.  3.]]

 [[ 2.  1.  5.]
  [ 4.  1.  1.]
  [ 4.  4.  3.]]]
#
[119 371 501  24 429 287]
('full', True, 'even', True)
[[[ 2.  6.  3.]
  [ 6.  6.  3.]
  [ 6.  6.  5.]]

 [[ 2.  1.  3.]
  [ 2.  5.  5.]
  [ 4.  6.  5.]]

 [[ 2.  1.  3.]
  [ 4.  1.  1.]
  [ 4.  4.  5.]]]
#
[119 386  28 331 495 180]
('full', True, 'even', True)
[[[ 2.  4.  4.]
  [ 6.  6.  4.]
  [ 6.  6.  6.]]

 [[ 2.  5.  4.]
  [ 2.  5.  1.]
  [ 6.  5.  3.]]

 [[ 2.  1.  1.]
  [ 5.  5.  1.]
  [ 3.  3.  3.]]]
#
[119 542 276 405 358  48]
('full', True, 'even', True)
[[[ 2.  1.  1.]
  [ 3.  5.  1.]
  [ 3.  3.  3.]]

 [[ 2.  1.  4.]
  [ 2.  5.  5.]
  [ 6.  6.  5.]]

 [[ 2.  4.  4.]
  [ 6.  5.  4.]
  [ 6.  6.  6.]]]
#
[119 551  45 296 328 436]
('full', True, 'even', True)
[[[ 2.  1.  3.]
  [ 4.  1.  3.]
  [ 4.  4.  3.]]

 [[ 2.  1.  1.]
  [ 2.  5.  6.]
  [ 4.  5.  3.]]

 [[ 2.  6.  6.]
  [ 6.  6.  6.]
  [ 5.  5.  5.]]]
#
[120  26 278 465 328 511]
('full', True, 'even', True)
[[[ 2.  1.  3.]
  [ 4.  1.  1.]
  [ 4.  4.  5.]]

 [[ 2.  2.  3.]
  [ 6.  5.  1.]
  [ 4.  5.  5.]]

 [[ 2.  3.  3.]
  [ 6.  6.  6.]
  [ 6.  6.  5.]]]
#
[120 215 358 417  95 556]
('full', True, 'even', True)
[[[ 2.  3.  3.]
  [ 6.  6.  3.]
  [ 6.  1.  3.]]

 [[ 2.  2.  4.]
  [ 6.  5.  1.]
  [ 6.  1.  1.]]

 [[ 2.  4.  4.]
  [ 6.  5.  4.]
  [ 5.  5.  5.]]]
#
[120 306  42 379 515 339]
('full', True, 'even', True)
[[[ 2.  3.  3.]
  [ 6.  6.  6.]
  [ 5.  6.  6.]]

 [[ 2.  2.  3.]
  [ 1.  5.  6.]
  [ 5.  5.  4.]]

 [[ 2.  1.  3.]
  [ 1.  1.  4.]
  [ 5.  4.  4.]]]
#
[120 331 430  42 472 225]
('full', True, 'even', True)
[[[ 2.  4.  4.]
  [ 3.  6.  4.]
  [ 3.  6.  6.]]

 [[ 2.  2.  4.]
  [ 1.  5.  5.]
  [ 3.  6.  6.]]

 [[ 2.  1.  5.]
  [ 1.  1.  5.]
  [ 3.  6.  5.]]]
#
[120 331 551  35 399 180]
('full', True, 'even', True)
[[[ 2.  4.  4.]
  [ 1.  5.  4.]
  [ 5.  5.  5.]]

 [[ 2.  2.  4.]
  [ 1.  5.  6.]
  [ 1.  1.  3.]]

 [[ 2.  6.  6.]
  [ 6.  6.  6.]
  [ 3.  3.  3.]]]
#
[120 331 551  50 174 465]
('full', True, 'even', True)
[[[ 2.  4.  4.]
  [ 1.  1.  4.]
  [ 3.  1.  5.]]

 [[ 2.  2.  4.]
  [ 1.  5.  6.]
  [ 3.  5.  5.]]

 [[ 2.  6.  6.]
  [ 6.  6.  6.]
  [ 3.  3.  5.]]]
#
[120 331 551  50 379 295]
('full', True, 'even', True)
[[[ 2.  4.  4.]
  [ 1.  1.  4.]
  [ 5.  1.  3.]]

 [[ 2.  2.  4.]
  [ 1.  5.  6.]
  [ 5.  5.  3.]]

 [[ 2.  6.  6.]
  [ 6.  6.  6.]
  [ 5.  3.  3.]]]
#
[120 455  23 371 525 296]
('full', True, 'even', True)
[[[ 2.  5.  3.]
  [ 1.  5.  3.]
  [ 1.  1.  3.]]

 [[ 2.  2.  6.]
  [ 5.  5.  5.]
  [ 4.  1.  3.]]

 [[ 2.  6.  6.]
  [ 4.  6.  6.]
  [ 4.  4.  6.]]]
#
[120 485 303 454 328  67]
('full', True, 'even', True)
[[[ 2.  6.  6.]
  [ 4.  5.  6.]
  [ 4.  4.  6.]]

 [[ 2.  2.  6.]
  [ 1.  5.  6.]
  [ 4.  5.  5.]]

 [[ 2.  3.  3.]
  [ 1.  5.  3.]
  [ 1.  1.  3.]]]
#
[120 501   6 180 433 358]
('full', True, 'even', True)
[[[ 2.  6.  5.]
  [ 6.  6.  5.]
  [ 6.  6.  5.]]

 [[ 2.  2.  4.]
  [ 1.  5.  5.]
  [ 1.  6.  3.]]

 [[ 2.  4.  4.]
  [ 1.  1.  4.]
  [ 3.  3.  3.]]]
#
[127  95 215 438 539 371]
('full', True, 'even', True)
[[[ 2.  3.  3.]
  [ 2.  2.  3.]
  [ 2.  1.  3.]]

 [[ 6.  6.  6.]
  [ 6.  5.  1.]
  [ 4.  1.  1.]]

 [[ 6.  6.  5.]
  [ 4.  5.  5.]
  [ 4.  4.  5.]]]
#
[127 220  57 413 358 532]
('full', True, 'even', True)
[[[ 2.  1.  3.]
  [ 2.  2.  3.]
  [ 2.  3.  3.]]

 [[ 1.  1.  4.]
  [ 1.  5.  6.]
  [ 6.  6.  6.]]

 [[ 5.  4.  4.]
  [ 5.  5.  4.]
  [ 5.  6.  6.]]]
#
[127 245 331 390 512  59]
('full', True, 'even', True)
[[[ 2.  4.  4.]
  [ 2.  2.  4.]
  [ 2.  3.  3.]]

 [[ 6.  5.  4.]
  [ 6.  5.  1.]
  [ 6.  6.  3.]]

 [[ 5.  5.  5.]
  [ 6.  1.  1.]
  [ 6.  1.  3.]]]
#
[127 321 415  57 482 310]
('full', True, 'even', True)
[[[ 2.  1.  5.]
  [ 2.  2.  4.]
  [ 2.  4.  4.]]

 [[ 1.  1.  5.]
  [ 1.  5.  5.]
  [ 3.  6.  4.]]

 [[ 3.  6.  5.]
  [ 3.  6.  6.]
  [ 3.  6.  6.]]]
#
[127 321 565   6 436 170]
('full', True, 'even', True)
[[[ 2.  6.  6.]
  [ 2.  2.  4.]
  [ 2.  4.  4.]]

 [[ 6.  6.  6.]
  [ 1.  5.  6.]
  [ 1.  5.  4.]]

 [[ 3.  3.  3.]
  [ 1.  1.  3.]
  [ 5.  5.  5.]]]
#
[127 321 565  27 413 303]
('full', True, 'even', True)
[[[ 2.  6.  6.]
  [ 2.  2.  4.]
  [ 2.  4.  4.]]

 [[ 6.  6.  6.]
  [ 1.  5.  6.]
  [ 1.  1.  4.]]

 [[ 5.  3.  3.]
  [ 5.  5.  3.]
  [ 5.  1.  3.]]]
#
[127 321 565  27 438 217]
('full', True, 'even', True)
[[[ 2.  6.  6.]
  [ 2.  2.  4.]
  [ 2.  4.  4.]]

 [[ 6.  6.  6.]
  [ 1.  5.  6.]
  [ 1.  1.  4.]]

 [[ 3.  3.  5.]
  [ 3.  5.  5.]
  [ 3.  1.  5.]]]
#
[127 444  75 322 554 271]
('full', True, 'even', True)
[[[ 2.  6.  6.]
  [ 2.  2.  6.]
  [ 2.  5.  3.]]

 [[ 4.  6.  6.]
  [ 5.  5.  5.]
  [ 1.  5.  3.]]

 [[ 4.  4.  6.]
  [ 4.  1.  3.]
  [ 1.  1.  3.]]]
#
[127 522 306 402 371  56]
('full', True, 'even', True)
[[[ 2.  3.  3.]
  [ 2.  2.  6.]
  [ 2.  6.  6.]]

 [[ 1.  5.  3.]
  [ 1.  5.  6.]
  [ 4.  5.  6.]]

 [[ 1.  1.  3.]
  [ 4.  5.  5.]
  [ 4.  4.  6.]]]
#
[127 530  44 170 331 429]
('full', True, 'even', True)
[[[ 2.  4.  4.]
  [ 2.  2.  4.]
  [ 2.  6.  5.]]

 [[ 1.  1.  4.]
  [ 1.  5.  5.]
  [ 6.  6.  5.]]

 [[ 3.  3.  3.]
  [ 1.  6.  3.]
  [ 6.  6.  5.]]]
#
[139  11 175 436 321 556]
('full', True, 'even', True)
[[[ 2.  2.  2.]
  [ 6.  6.  4.]
  [ 6.  4.  4.]]

 [[ 3.  2.  1.]
  [ 6.  5.  1.]
  [ 6.  5.  4.]]

 [[ 3.  3.  3.]
  [ 6.  1.  1.]
  [ 5.  5.  5.]]]
#
[139 266  47 376 478 371]
('full', True, 'even', True)
[[[ 2.  2.  2.]
  [ 1.  1.  6.]
  [ 5.  5.  5.]]

 [[ 1.  2.  3.]
  [ 1.  5.  6.]
  [ 4.  5.  6.]]

 [[ 3.  3.  3.]
  [ 4.  6.  6.]
  [ 4.  4.  6.]]]
#
[139 301 322 396 515  63]
('full', True, 'even', True)
[[[ 2.  2.  2.]
  [ 6.  6.  6.]
  [ 5.  6.  6.]]

 [[ 4.  2.  3.]
  [ 5.  5.  6.]
  [ 5.  1.  1.]]

 [[ 4.  4.  3.]
  [ 4.  1.  3.]
  [ 5.  1.  3.]]]
#
[139 358 413  47 532 233]
('full', True, 'even', True)
[[[ 2.  2.  2.]
  [ 1.  1.  3.]
  [ 3.  3.  3.]]

 [[ 1.  2.  4.]
  [ 1.  5.  6.]
  [ 6.  6.  6.]]

 [[ 5.  4.  4.]
  [ 5.  5.  4.]
  [ 5.  6.  6.]]]
#
[139 358 499   1 174 429]
('full', True, 'even', True)
[[[ 2.  2.  2.]
  [ 6.  1.  1.]
  [ 3.  1.  5.]]

 [[ 6.  2.  4.]
  [ 6.  5.  5.]
  [ 3.  1.  5.]]

 [[ 6.  4.  4.]
  [ 6.  6.  4.]
  [ 3.  3.  5.]]]
#
[139 358 499  78 237 436]
('full', True, 'even', True)
[[[ 2.  2.  2.]
  [ 6.  1.  1.]
  [ 3.  3.  3.]]

 [[ 6.  2.  4.]
  [ 6.  5.  1.]
  [ 3.  5.  1.]]

 [[ 6.  4.  4.]
  [ 6.  6.  4.]
  [ 5.  5.  5.]]]
#
[139 358 499  78 376 209]
('full', True, 'even', True)
[[[ 2.  2.  2.]
  [ 6.  1.  1.]
  [ 5.  5.  5.]]

 [[ 6.  2.  4.]
  [ 6.  5.  1.]
  [ 3.  5.  1.]]

 [[ 6.  4.  4.]
  [ 6.  6.  4.]
  [ 3.  3.  3.]]]
#
[139 446   3 328 561 190]
('full', True, 'even', True)
[[[ 2.  2.  2.]
  [ 4.  5.  1.]
  [ 4.  4.  1.]]

 [[ 6.  2.  5.]
  [ 6.  5.  5.]
  [ 4.  1.  1.]]

 [[ 6.  6.  3.]
  [ 6.  5.  3.]
  [ 6.  3.  3.]]]
#
[139 475  50 174 322 438]
('full', True, 'even', True)
[[[ 2.  2.  2.]
  [ 1.  1.  6.]
  [ 3.  1.  6.]]

 [[ 4.  2.  6.]
  [ 1.  5.  6.]
  [ 3.  6.  6.]]

 [[ 4.  4.  5.]
  [ 4.  5.  5.]
  [ 3.  3.  5.]]]
#
[139 525 274 403 321  66]
('full', True, 'even', True)
[[[ 2.  2.  2.]
  [ 1.  1.  4.]
  [ 1.  4.  4.]]

 [[ 3.  2.  6.]
  [ 5.  5.  5.]
  [ 1.  5.  4.]]

 [[ 3.  6.  6.]
  [ 3.  6.  6.]
  [ 3.  5.  6.]]]
#
[144  35 233 417 322 563]
('full', True, 'even', True)
[[[ 2.  2.  2.]
  [ 1.  2.  3.]
  [ 3.  3.  3.]]

 [[ 4.  6.  6.]
  [ 1.  5.  6.]
  [ 1.  1.  6.]]

 [[ 4.  4.  6.]
  [ 4.  5.  6.]
  [ 5.  5.  5.]]]
#
[144 225 321 430 539  92]
('full', True, 'even', True)
[[[ 2.  2.  2.]
  [ 3.  2.  4.]
  [ 3.  4.  4.]]

 [[ 6.  6.  6.]
  [ 6.  5.  5.]
  [ 3.  1.  4.]]

 [[ 6.  6.  5.]
  [ 1.  1.  5.]
  [ 3.  1.  5.]]]
#
[144 276   0 440 512 339]
('full', True, 'even', True)
[[[ 2.  2.  2.]
  [ 3.  2.  1.]
  [ 3.  3.  3.]]

 [[ 6.  1.  1.]
  [ 6.  5.  1.]
  [ 6.  6.  4.]]

 [[ 5.  5.  5.]
  [ 6.  5.  4.]
  [ 6.  4.  4.]]]
#
[144 328 465   0 511 175]
('full', True, 'even', True)
[[[ 2.  2.  2.]
  [ 4.  2.  1.]
  [ 4.  4.  5.]]

 [[ 3.  1.  1.]
  [ 6.  5.  1.]
  [ 4.  5.  5.]]

 [[ 3.  3.  3.]
  [ 6.  6.  6.]
  [ 6.  6.  5.]]]
#
[144 328 475  44 417 170]
('full', True, 'even', True)
[[[ 2.  2.  2.]
  [ 4.  2.  6.]
  [ 4.  4.  6.]]

 [[ 1.  1.  6.]
  [ 1.  5.  6.]
  [ 4.  6.  6.]]

 [[ 3.  3.  3.]
  [ 1.  5.  3.]
  [ 5.  5.  5.]]]
#
[144 328 475  44 440 235]
('full', True, 'even', True)
[[[ 2.  2.  2.]
  [ 4.  2.  6.]
  [ 4.  4.  6.]]

 [[ 1.  1.  6.]
  [ 1.  5.  6.]
  [ 4.  6.  6.]]

 [[ 5.  5.  5.]
  [ 1.  5.  3.]
  [ 3.  3.  3.]]]
#
[144 328 475  94 397 190]
('full', True, 'even', True)
[[[ 2.  2.  2.]
  [ 4.  2.  6.]
  [ 4.  4.  6.]]

 [[ 1.  1.  6.]
  [ 5.  5.  6.]
  [ 4.  6.  6.]]

 [[ 5.  1.  3.]
  [ 5.  1.  3.]
  [ 5.  3.  3.]]]
#
[144 412  39 358 522 174]
('full', True, 'even', True)
[[[ 2.  2.  2.]
  [ 5.  2.  6.]
  [ 3.  6.  6.]]

 [[ 1.  5.  4.]
  [ 5.  5.  6.]
  [ 3.  5.  6.]]

 [[ 1.  4.  4.]
  [ 1.  1.  4.]
  [ 3.  3.  6.]]]
#
[144 499   5 190 321 379]
('full', True, 'even', True)
[[[ 2.  2.  2.]
  [ 6.  2.  4.]
  [ 5.  4.  4.]]

 [[ 6.  1.  1.]
  [ 6.  5.  1.]
  [ 5.  5.  4.]]

 [[ 6.  1.  3.]
  [ 6.  6.  3.]
  [ 5.  3.  3.]]]
#
[144 566 208 467 322   4]
('full', True, 'even', True)
[[[ 2.  2.  2.]
  [ 6.  2.  3.]
  [ 6.  6.  3.]]

 [[ 4.  1.  1.]
  [ 5.  5.  5.]
  [ 6.  6.  3.]]

 [[ 4.  4.  1.]
  [ 4.  5.  1.]
  [ 6.  5.  3.]]]
#
[159  94 310 430 331 472]
('full', True, 'even', True)
[[[ 2.  4.  4.]
  [ 2.  6.  4.]
  [ 2.  6.  6.]]

 [[ 1.  1.  4.]
  [ 2.  5.  5.]
  [ 3.  6.  6.]]

 [[ 3.  1.  5.]
  [ 3.  1.  5.]
  [ 3.  6.  5.]]]
#
[159 175 371 465 520  11]
('full', True, 'even', True)
[[[ 2.  6.  6.]
  [ 2.  6.  6.]
  [ 2.  6.  5.]]

 [[ 3.  6.  1.]
  [ 2.  5.  1.]
  [ 4.  5.  5.]]

 [[ 3.  3.  3.]
  [ 4.  1.  1.]
  [ 4.  4.  5.]]]
#
[159 274  93 433 546 339]
('full', True, 'even', True)
[[[ 2.  6.  5.]
  [ 2.  1.  5.]
  [ 2.  1.  5.]]

 [[ 3.  6.  6.]
  [ 2.  5.  5.]
  [ 1.  1.  4.]]

 [[ 3.  6.  6.]
  [ 3.  6.  4.]
  [ 3.  4.  4.]]]
#
[159 322 417  93 563 215]
('full', True, 'even', True)
[[[ 2.  3.  3.]
  [ 2.  1.  3.]
  [ 2.  1.  3.]]

 [[ 4.  6.  6.]
  [ 2.  5.  6.]
  [ 1.  1.  6.]]

 [[ 4.  4.  6.]
  [ 4.  5.  6.]
  [ 5.  5.  5.]]]
#
[159 322 530  26 271 439]
('full', True, 'even', True)
[[[ 2.  1.  5.]
  [ 2.  1.  1.]
  [ 2.  6.  3.]]

 [[ 4.  5.  5.]
  [ 2.  5.  1.]
  [ 6.  6.  3.]]

 [[ 4.  4.  5.]
  [ 4.  6.  3.]
  [ 6.  6.  3.]]]
#
[159 322 530  45 296 430]
('full', True, 'even', True)
[[[ 2.  1.  3.]
  [ 2.  1.  3.]
  [ 2.  6.  3.]]

 [[ 4.  1.  1.]
  [ 2.  5.  5.]
  [ 6.  6.  3.]]

 [[ 4.  4.  5.]
  [ 4.  6.  5.]
  [ 6.  6.  5.]]]
#
[159 322 530  45 433 284]
('full', True, 'even', True)
[[[ 2.  1.  5.]
  [ 2.  1.  5.]
  [ 2.  6.  5.]]

 [[ 4.  1.  1.]
  [ 2.  5.  5.]
  [ 6.  6.  3.]]

 [[ 4.  4.  3.]
  [ 4.  6.  3.]
  [ 6.  6.  3.]]]
#
[159 389  19 321 542 170]
('full', True, 'even', True)
[[[ 2.  1.  1.]
  [ 2.  5.  4.]
  [ 2.  4.  4.]]

 [[ 5.  5.  1.]
  [ 2.  5.  1.]
  [ 6.  6.  4.]]

 [[ 3.  3.  3.]
  [ 6.  5.  3.]
  [ 6.  6.  6.]]]
#
[159 516 209 447 331  14]
('full', True, 'even', True)
[[[ 2.  4.  4.]
  [ 2.  1.  4.]
  [ 2.  1.  1.]]

 [[ 6.  5.  4.]
  [ 2.  5.  5.]
  [ 3.  5.  1.]]

 [[ 6.  6.  6.]
  [ 6.  6.  5.]
  [ 3.  3.  3.]]]
#
[159 565   1 271 371 440]
('full', True, 'even', True)
[[[ 2.  6.  6.]
  [ 2.  1.  1.]
  [ 2.  1.  3.]]

 [[ 6.  6.  6.]
  [ 2.  5.  6.]
  [ 4.  1.  3.]]

 [[ 5.  5.  5.]
  [ 4.  5.  3.]
  [ 4.  4.  3.]]]
#
[169  99  35 417 322 563]
('full', True, 'even', True)
[[[ 3.  3.  3.]
  [ 1.  2.  3.]
  [ 2.  2.  2.]]

 [[ 4.  6.  6.]
  [ 1.  5.  6.]
  [ 1.  1.  6.]]

 [[ 4.  4.  6.]
  [ 4.  5.  6.]
  [ 5.  5.  5.]]]
#
[169 164 557 469 371  23]
('full', True, 'even', True)
[[[ 3.  3.  3.]
  [ 1.  5.  3.]
  [ 1.  1.  2.]]

 [[ 5.  6.  6.]
  [ 5.  5.  2.]
  [ 4.  1.  2.]]

 [[ 6.  6.  6.]
  [ 4.  5.  6.]
  [ 4.  4.  2.]]]
#
[169 399  35 322 563 152]
('full', True, 'even', True)
[[[ 3.  3.  3.]
  [ 1.  5.  3.]
  [ 5.  5.  5.]]

 [[ 4.  6.  6.]
  [ 1.  5.  6.]
  [ 1.  1.  6.]]

 [[ 4.  4.  6.]
  [ 4.  2.  6.]
  [ 2.  2.  2.]]]
#
[169 399 102  75 334 557]
('full', True, 'even', True)
[[[ 3.  3.  3.]
  [ 2.  5.  3.]
  [ 5.  5.  5.]]

 [[ 2.  6.  6.]
  [ 2.  5.  4.]
  [ 1.  4.  4.]]

 [[ 6.  6.  6.]
  [ 2.  1.  6.]
  [ 1.  1.  4.]]]
#
[169 429 557 102 330  75]
('full', True, 'even', True)
[[[ 3.  3.  3.]
  [ 2.  4.  3.]
  [ 4.  4.  5.]]

 [[ 2.  6.  6.]
  [ 2.  5.  5.]
  [ 1.  4.  5.]]

 [[ 6.  6.  6.]
  [ 2.  1.  6.]
  [ 1.  1.  5.]]]
#
[213 136 495 410 339  79]
('full', True, 'even', True)
[[[ 3.  3.  3.]
  [ 6.  6.  5.]
  [ 6.  6.  6.]]

 [[ 3.  5.  1.]
  [ 2.  5.  5.]
  [ 6.  5.  4.]]

 [[ 2.  1.  1.]
  [ 2.  1.  4.]
  [ 2.  4.  4.]]]
#
[213 163  11 436 321 556]
('full', True, 'even', True)
[[[ 3.  3.  3.]
  [ 6.  6.  4.]
  [ 6.  4.  4.]]

 [[ 3.  2.  1.]
  [ 6.  5.  1.]
  [ 6.  5.  4.]]

 [[ 2.  2.  2.]
  [ 6.  1.  1.]
  [ 5.  5.  5.]]]
#
[213 390  11 321 556 126]
('full', True, 'even', True)
[[[ 3.  3.  3.]
  [ 6.  6.  4.]
  [ 6.  4.  4.]]

 [[ 3.  5.  1.]
  [ 6.  5.  1.]
  [ 6.  2.  4.]]

 [[ 5.  5.  5.]
  [ 6.  1.  1.]
  [ 2.  2.  2.]]]
#
[213 390 128 495  80 344]
('full', True, 'even', True)
[[[ 3.  3.  3.]
  [ 6.  6.  2.]
  [ 6.  6.  6.]]

 [[ 3.  5.  2.]
  [ 4.  5.  2.]
  [ 6.  1.  2.]]

 [[ 5.  5.  5.]
  [ 4.  4.  1.]
  [ 4.  1.  1.]]]
#
[213 397 495 128 341  80]
('full', True, 'even', True)
[[[ 3.  3.  3.]
  [ 6.  6.  2.]
  [ 6.  6.  6.]]

 [[ 3.  4.  2.]
  [ 5.  5.  2.]
  [ 6.  1.  2.]]

 [[ 5.  4.  4.]
  [ 5.  4.  1.]
  [ 5.  1.  1.]]]
#
[222 150  42 379 515 339]
('full', True, 'even', True)
[[[ 3.  3.  2.]
  [ 6.  6.  6.]
  [ 5.  6.  6.]]

 [[ 3.  2.  2.]
  [ 1.  5.  6.]
  [ 5.  5.  4.]]

 [[ 3.  1.  2.]
  [ 1.  1.  4.]
  [ 5.  4.  4.]]]
#
[222 153  24 436 321 556]
('full', True, 'even', True)
[[[ 3.  3.  2.]
  [ 6.  6.  4.]
  [ 6.  4.  4.]]

 [[ 3.  1.  2.]
  [ 6.  5.  2.]
  [ 6.  5.  4.]]

 [[ 3.  1.  2.]
  [ 6.  1.  1.]
  [ 5.  5.  5.]]]
#
[222 158 328 436  42 563]
('full', True, 'even', True)
[[[ 3.  3.  2.]
  [ 4.  2.  2.]
  [ 4.  4.  2.]]

 [[ 3.  6.  6.]
  [ 1.  5.  6.]
  [ 4.  5.  6.]]

 [[ 3.  1.  6.]
  [ 1.  1.  6.]
  [ 5.  5.  5.]]]
#
[222 415  24 321 556 126]
('full', True, 'even', True)
[[[ 3.  3.  5.]
  [ 6.  6.  4.]
  [ 6.  4.  4.]]

 [[ 3.  1.  5.]
  [ 6.  5.  5.]
  [ 6.  2.  4.]]

 [[ 3.  1.  5.]
  [ 6.  1.  1.]
  [ 2.  2.  2.]]]
#
[222 439  42 339 515 117]
('full', True, 'even', True)
[[[ 3.  3.  5.]
  [ 6.  6.  6.]
  [ 2.  6.  6.]]

 [[ 3.  5.  5.]
  [ 1.  5.  6.]
  [ 2.  2.  4.]]

 [[ 3.  1.  5.]
  [ 1.  1.  4.]
  [ 2.  4.  4.]]]
#
[222 439 138  91 369 522]
('full', True, 'even', True)
[[[ 3.  3.  5.]
  [ 4.  4.  6.]
  [ 4.  6.  6.]]

 [[ 3.  5.  5.]
  [ 4.  5.  6.]
  [ 1.  1.  6.]]

 [[ 3.  2.  5.]
  [ 1.  2.  2.]
  [ 1.  2.  6.]]]
#
[222 470 328  42 563 126]
('full', True, 'even', True)
[[[ 3.  3.  5.]
  [ 4.  5.  5.]
  [ 4.  4.  5.]]

 [[ 3.  6.  6.]
  [ 1.  5.  6.]
  [ 4.  2.  6.]]

 [[ 3.  1.  6.]
  [ 1.  1.  6.]
  [ 2.  2.  2.]]]
#
[222 481 152 385 321  66]
('full', True, 'even', True)
[[[ 3.  3.  6.]
  [ 1.  1.  4.]
  [ 1.  4.  4.]]

 [[ 3.  5.  6.]
  [ 5.  5.  6.]
  [ 1.  5.  4.]]

 [[ 3.  6.  6.]
  [ 5.  2.  6.]
  [ 2.  2.  2.]]]
#
[231  99 554 383 339  91]
('full', True, 'even', True)
[[[ 3.  6.  6.]
  [ 3.  2.  6.]
  [ 2.  2.  2.]]

 [[ 3.  6.  6.]
  [ 5.  5.  5.]
  [ 1.  1.  4.]]

 [[ 3.  5.  6.]
  [ 1.  5.  4.]
  [ 1.  4.  4.]]]
#
[231 125  92 429 520 358]
('full', True, 'even', True)
[[[ 3.  6.  6.]
  [ 3.  6.  6.]
  [ 2.  6.  5.]]

 [[ 3.  6.  4.]
  [ 2.  5.  5.]
  [ 2.  1.  5.]]

 [[ 3.  4.  4.]
  [ 1.  1.  4.]
  [ 2.  1.  5.]]]
#
[231 396  92 358 520 164]
('full', True, 'even', True)
[[[ 3.  6.  6.]
  [ 3.  6.  6.]
  [ 5.  6.  2.]]

 [[ 3.  6.  4.]
  [ 5.  5.  2.]
  [ 5.  1.  2.]]

 [[ 3.  4.  4.]
  [ 1.  1.  4.]
  [ 5.  1.  2.]]]
#
[231 396 118 554  71 353]
('full', True, 'even', True)
[[[ 3.  6.  6.]
  [ 3.  4.  6.]
  [ 5.  4.  4.]]

 [[ 3.  6.  6.]
  [ 5.  5.  1.]
  [ 5.  4.  1.]]

 [[ 3.  2.  6.]
  [ 2.  2.  2.]
  [ 5.  1.  1.]]]
#
[231 399 554 118 324  71]
('full', True, 'even', True)
[[[ 3.  6.  6.]
  [ 3.  5.  6.]
  [ 5.  5.  5.]]

 [[ 3.  6.  6.]
  [ 4.  5.  1.]
  [ 4.  4.  1.]]

 [[ 3.  2.  6.]
  [ 2.  2.  2.]
  [ 4.  1.  1.]]]
#
[244  99   0 440 512 339]
('full', True, 'even', True)
[[[ 3.  3.  3.]
  [ 3.  2.  1.]
  [ 2.  2.  2.]]

 [[ 6.  1.  1.]
  [ 6.  5.  1.]
  [ 6.  6.  4.]]

 [[ 5.  5.  5.]
  [ 6.  5.  4.]
  [ 6.  4.  4.]]]
#
[244 107  78 438 539 371]
('full', True, 'even', True)
[[[ 3.  3.  3.]
  [ 3.  1.  1.]
  [ 2.  2.  2.]]

 [[ 6.  6.  6.]
  [ 6.  5.  1.]
  [ 4.  2.  1.]]

 [[ 6.  6.  5.]
  [ 4.  5.  5.]
  [ 4.  4.  5.]]]
#
[244 125 322 438   0 472]
('full', True, 'even', True)
[[[ 3.  3.  3.]
  [ 3.  6.  1.]
  [ 2.  6.  6.]]

 [[ 4.  1.  1.]
  [ 2.  5.  1.]
  [ 2.  6.  6.]]

 [[ 4.  4.  5.]
  [ 4.  5.  5.]
  [ 2.  6.  5.]]]
#
[244 376  78 371 539 124]
('full', True, 'even', True)
[[[ 3.  3.  3.]
  [ 3.  1.  1.]
  [ 5.  5.  5.]]

 [[ 6.  6.  6.]
  [ 6.  5.  1.]
  [ 4.  5.  1.]]

 [[ 6.  6.  2.]
  [ 4.  2.  2.]
  [ 4.  4.  2.]]]
#
[244 396 322   0 472 124]
('full', True, 'even', True)
[[[ 3.  3.  3.]
  [ 3.  6.  1.]
  [ 5.  6.  6.]]

 [[ 4.  1.  1.]
  [ 5.  5.  1.]
  [ 5.  6.  6.]]

 [[ 4.  4.  2.]
  [ 4.  2.  2.]
  [ 5.  6.  2.]]]
#
[244 399   0 339 512 154]
('full', True, 'even', True)
[[[ 3.  3.  3.]
  [ 3.  5.  1.]
  [ 5.  5.  5.]]

 [[ 6.  1.  1.]
  [ 6.  5.  1.]
  [ 6.  6.  4.]]

 [[ 2.  2.  2.]
  [ 6.  2.  4.]
  [ 6.  4.  4.]]]
#
[244 399 109  79 325 542]
('full', True, 'even', True)
[[[ 3.  3.  3.]
  [ 3.  5.  2.]
  [ 5.  5.  5.]]

 [[ 4.  4.  1.]
  [ 4.  5.  2.]
  [ 6.  6.  2.]]

 [[ 4.  1.  1.]
  [ 6.  1.  2.]
  [ 6.  6.  6.]]]
#
[244 480  98 437 371  56]
('full', True, 'even', True)
[[[ 3.  3.  3.]
  [ 3.  5.  6.]
  [ 6.  6.  6.]]

 [[ 1.  5.  5.]
  [ 1.  5.  2.]
  [ 4.  6.  6.]]

 [[ 1.  1.  2.]
  [ 4.  5.  2.]
  [ 4.  4.  2.]]]
#
[249 136  93 433 546 339]
('full', True, 'even', True)
[[[ 3.  6.  5.]
  [ 3.  1.  5.]
  [ 3.  1.  5.]]

 [[ 3.  6.  6.]
  [ 2.  5.  5.]
  [ 1.  1.  4.]]

 [[ 2.  6.  6.]
  [ 2.  6.  4.]
  [ 2.  4.  4.]]]
#
[249 148  27 429 520 358]
('full', True, 'even', True)
[[[ 3.  6.  6.]
  [ 3.  6.  6.]
  [ 3.  6.  5.]]

 [[ 3.  6.  4.]
  [ 1.  5.  5.]
  [ 1.  1.  5.]]

 [[ 2.  4.  4.]
  [ 2.  2.  4.]
  [ 2.  1.  5.]]]
#
[249 163 331 429  93 511]
('full', True, 'even', True)
[[[ 3.  4.  4.]
  [ 3.  1.  4.]
  [ 3.  1.  5.]]

 [[ 3.  2.  4.]
  [ 6.  5.  5.]
  [ 1.  1.  5.]]

 [[ 2.  2.  2.]
  [ 6.  6.  6.]
  [ 6.  6.  5.]]]
#
[249 390 331  93 164 511]
('full', True, 'even', True)
[[[ 3.  4.  4.]
  [ 3.  1.  4.]
  [ 3.  1.  2.]]

 [[ 3.  5.  4.]
  [ 6.  5.  2.]
  [ 1.  1.  2.]]

 [[ 5.  5.  5.]
  [ 6.  6.  6.]
  [ 6.  6.  2.]]]
#
[249 397  93 129 546 339]
('full', True, 'even', True)
[[[ 3.  6.  2.]
  [ 3.  1.  2.]
  [ 3.  1.  2.]]

 [[ 3.  6.  6.]
  [ 5.  5.  2.]
  [ 1.  1.  4.]]

 [[ 5.  6.  6.]
  [ 5.  6.  4.]
  [ 5.  4.  4.]]]
#
[249 397 156  69 365 525]
('full', True, 'even', True)
[[[ 3.  4.  4.]
  [ 3.  4.  1.]
  [ 3.  1.  1.]]

 [[ 3.  4.  6.]
  [ 5.  5.  1.]
  [ 2.  2.  2.]]

 [[ 5.  6.  6.]
  [ 5.  6.  6.]
  [ 5.  2.  6.]]]
#
[249 413  27 358 520 164]
('full', True, 'even', True)
[[[ 3.  6.  6.]
  [ 3.  6.  6.]
  [ 3.  6.  2.]]

 [[ 3.  6.  4.]
  [ 1.  5.  2.]
  [ 1.  1.  2.]]

 [[ 5.  4.  4.]
  [ 5.  5.  4.]
  [ 5.  1.  2.]]]
#
[249 484 149 432 358  48]
('full', True, 'even', True)
[[[ 3.  1.  1.]
  [ 3.  5.  1.]
  [ 3.  5.  2.]]

 [[ 3.  1.  4.]
  [ 5.  5.  5.]
  [ 6.  2.  2.]]

 [[ 6.  4.  4.]
  [ 6.  6.  4.]
  [ 6.  6.  2.]]]
#
[259 129  45 440 512 339]
('full', True, 'even', True)
[[[ 3.  1.  2.]
  [ 3.  1.  2.]
  [ 3.  3.  2.]]

 [[ 6.  1.  1.]
  [ 6.  5.  2.]
  [ 6.  6.  4.]]

 [[ 5.  5.  5.]
  [ 6.  5.  4.]
  [ 6.  4.  4.]]]
#
[259 149 371 440  57 494]
('full', True, 'even', True)
[[[ 3.  1.  6.]
  [ 3.  6.  6.]
  [ 3.  3.  2.]]

 [[ 1.  1.  6.]
  [ 1.  5.  6.]
  [ 4.  2.  2.]]

 [[ 5.  5.  5.]
  [ 4.  5.  6.]
  [ 4.  4.  2.]]]
#
[259 158  57 413 358 532]
('full', True, 'even', True)
[[[ 3.  1.  2.]
  [ 3.  2.  2.]
  [ 3.  3.  2.]]

 [[ 1.  1.  4.]
  [ 1.  5.  6.]
  [ 6.  6.  6.]]

 [[ 5.  4.  4.]
  [ 5.  5.  4.]
  [ 5.  6.  6.]]]
#
[259 433  45 339 512 154]
('full', True, 'even', True)
[[[ 3.  1.  5.]
  [ 3.  1.  5.]
  [ 3.  3.  5.]]

 [[ 6.  1.  1.]
  [ 6.  5.  5.]
  [ 6.  6.  4.]]

 [[ 2.  2.  2.]
  [ 6.  2.  4.]
  [ 6.  4.  4.]]]
#
[259 465 371  57 494 154]
('full', True, 'even', True)
[[[ 3.  1.  6.]
  [ 3.  6.  6.]
  [ 3.  3.  5.]]

 [[ 1.  1.  6.]
  [ 1.  5.  6.]
  [ 4.  5.  5.]]

 [[ 2.  2.  2.]
  [ 4.  2.  6.]
  [ 4.  4.  5.]]]
#
[259 470  57 358 532 148]
('full', True, 'even', True)
[[[ 3.  1.  5.]
  [ 3.  5.  5.]
  [ 3.  3.  5.]]

 [[ 1.  1.  4.]
  [ 1.  5.  6.]
  [ 6.  6.  6.]]

 [[ 2.  4.  4.]
  [ 2.  2.  4.]
  [ 2.  6.  6.]]]
#
[259 470 157  39 324 502]
('full', True, 'even', True)
[[[ 3.  2.  5.]
  [ 3.  5.  5.]
  [ 3.  3.  5.]]

 [[ 1.  2.  2.]
  [ 4.  5.  6.]
  [ 4.  4.  6.]]

 [[ 1.  2.  6.]
  [ 1.  1.  6.]
  [ 4.  6.  6.]]]
#
[259 485 163 469 339  91]
('full', True, 'even', True)
[[[ 3.  6.  6.]
  [ 3.  5.  6.]
  [ 3.  3.  6.]]

 [[ 5.  2.  6.]
  [ 5.  5.  6.]
  [ 1.  1.  4.]]

 [[ 2.  2.  2.]
  [ 1.  5.  4.]
  [ 1.  4.  4.]]]
#
[265 150 561 443 339  69]
('full', True, 'even', True)
[[[ 3.  3.  2.]
  [ 3.  5.  1.]
  [ 3.  1.  1.]]

 [[ 6.  2.  2.]
  [ 6.  5.  1.]
  [ 5.  5.  4.]]

 [[ 6.  6.  2.]
  [ 6.  5.  4.]
  [ 6.  4.  4.]]]
#
[265 158  95 438 539 371]
('full', True, 'even', True)
[[[ 3.  3.  2.]
  [ 3.  2.  2.]
  [ 3.  1.  2.]]

 [[ 6.  6.  6.]
  [ 6.  5.  1.]
  [ 4.  1.  1.]]

 [[ 6.  6.  5.]
  [ 4.  5.  5.]
  [ 4.  4.  5.]]]
#
[265 439 561 105 362  90]
('full', True, 'even', True)
[[[ 3.  3.  5.]
  [ 3.  4.  4.]
  [ 3.  2.  4.]]

 [[ 6.  5.  5.]
  [ 6.  5.  4.]
  [ 2.  2.  1.]]

 [[ 6.  6.  5.]
  [ 6.  1.  1.]
  [ 6.  2.  1.]]]
#
[265 470  95 371 539 124]
('full', True, 'even', True)
[[[ 3.  3.  5.]
  [ 3.  5.  5.]
  [ 3.  1.  5.]]

 [[ 6.  6.  6.]
  [ 6.  5.  1.]
  [ 4.  1.  1.]]

 [[ 6.  6.  2.]
  [ 4.  2.  2.]
  [ 4.  4.  2.]]]
#
[265 470 105  90 335 561]
('full', True, 'even', True)
[[[ 3.  3.  5.]
  [ 3.  5.  5.]
  [ 3.  2.  5.]]

 [[ 6.  4.  4.]
  [ 6.  5.  4.]
  [ 2.  2.  1.]]

 [[ 6.  6.  4.]
  [ 6.  1.  1.]
  [ 6.  2.  1.]]]
#
[269  98 321 379  47 524]
('full', True, 'even', True)
[[[ 3.  3.  3.]
  [ 1.  1.  4.]
  [ 5.  4.  4.]]

 [[ 1.  6.  3.]
  [ 1.  5.  2.]
  [ 5.  5.  4.]]

 [[ 6.  6.  2.]
  [ 6.  6.  2.]
  [ 5.  6.  2.]]]
#
[269 154  44 379 515 339]
('full', True, 'even', True)
[[[ 3.  3.  3.]
  [ 6.  6.  6.]
  [ 5.  6.  6.]]

 [[ 1.  1.  3.]
  [ 1.  5.  6.]
  [ 5.  5.  4.]]

 [[ 2.  2.  2.]
  [ 1.  2.  4.]
  [ 5.  4.  4.]]]
#
[269 163  47 376 478 371]
('full', True, 'even', True)
[[[ 3.  3.  3.]
  [ 1.  1.  6.]
  [ 5.  5.  5.]]

 [[ 1.  2.  3.]
  [ 1.  5.  6.]
  [ 4.  5.  6.]]

 [[ 2.  2.  2.]
  [ 4.  6.  6.]
  [ 4.  4.  6.]]]
#
[269 390  47 107 478 371]
('full', True, 'even', True)
[[[ 3.  3.  3.]
  [ 1.  1.  6.]
  [ 2.  2.  2.]]

 [[ 1.  5.  3.]
  [ 1.  5.  6.]
  [ 4.  2.  6.]]

 [[ 5.  5.  5.]
  [ 4.  6.  6.]
  [ 4.  4.  6.]]]
#
[269 390 142  23 362 559]
('full', True, 'even', True)
[[[ 3.  3.  3.]
  [ 1.  4.  4.]
  [ 1.  1.  4.]]

 [[ 2.  5.  3.]
  [ 2.  5.  4.]
  [ 2.  1.  6.]]

 [[ 5.  5.  5.]
  [ 2.  6.  6.]
  [ 6.  6.  6.]]]
#
[269 430 321  47 117 524]
('full', True, 'even', True)
[[[ 3.  3.  3.]
  [ 1.  1.  4.]
  [ 2.  4.  4.]]

 [[ 1.  6.  3.]
  [ 1.  5.  5.]
  [ 2.  2.  4.]]

 [[ 6.  6.  5.]
  [ 6.  6.  5.]
  [ 2.  6.  5.]]]
#
[269 440  44 339 515 117]
('full', True, 'even', True)
[[[ 3.  3.  3.]
  [ 6.  6.  6.]
  [ 2.  6.  6.]]

 [[ 1.  1.  3.]
  [ 1.  5.  6.]
  [ 2.  2.  4.]]

 [[ 5.  5.  5.]
  [ 1.  5.  4.]
  [ 2.  4.  4.]]]
#
[269 516 125 466 339  69]
('full', True, 'even', True)
[[[ 3.  3.  3.]
  [ 5.  5.  1.]
  [ 2.  1.  1.]]

 [[ 6.  5.  3.]
  [ 2.  5.  1.]
  [ 2.  5.  4.]]

 [[ 6.  6.  6.]
  [ 6.  6.  4.]
  [ 2.  4.  4.]]]
#
[279 126 526 414 358  39]
('full', True, 'even', True)
[[[ 3.  5.  6.]
  [ 3.  6.  6.]
  [ 3.  6.  6.]]

 [[ 1.  5.  4.]
  [ 5.  5.  5.]
  [ 3.  2.  6.]]

 [[ 1.  4.  4.]
  [ 1.  1.  4.]
  [ 2.  2.  2.]]]
#
[279 136  94 430 331 472]
('full', True, 'even', True)
[[[ 3.  4.  4.]
  [ 3.  6.  4.]
  [ 3.  6.  6.]]

 [[ 1.  1.  4.]
  [ 2.  5.  5.]
  [ 3.  6.  6.]]

 [[ 2.  1.  5.]
  [ 2.  1.  5.]
  [ 2.  6.  5.]]]
#
[279 397  94 331 472  98]
('full', True, 'even', True)
[[[ 3.  4.  4.]
  [ 3.  6.  4.]
  [ 3.  6.  6.]]

 [[ 1.  1.  4.]
  [ 5.  5.  2.]
  [ 3.  6.  6.]]

 [[ 5.  1.  2.]
  [ 5.  1.  2.]
  [ 5.  6.  2.]]]
#
[279 397 140 526  28 313]
('full', True, 'even', True)
[[[ 3.  2.  6.]
  [ 3.  6.  6.]
  [ 3.  6.  6.]]

 [[ 2.  2.  2.]
  [ 5.  5.  1.]
  [ 3.  4.  6.]]

 [[ 5.  1.  1.]
  [ 5.  4.  1.]
  [ 5.  4.  4.]]]
#
[279 436 526 140 359  28]
('full', True, 'even', True)
[[[ 3.  2.  6.]
  [ 3.  6.  6.]
  [ 3.  6.  6.]]

 [[ 2.  2.  2.]
  [ 4.  5.  1.]
  [ 3.  5.  6.]]

 [[ 4.  1.  1.]
  [ 4.  4.  1.]
  [ 5.  5.  5.]]]
#
[283 124 474 466 321  19]
('full', True, 'even', True)
[[[ 3.  1.  1.]
  [ 5.  5.  4.]
  [ 6.  4.  4.]]

 [[ 3.  5.  1.]
  [ 6.  5.  1.]
  [ 6.  5.  4.]]

 [[ 3.  3.  2.]
  [ 6.  2.  2.]
  [ 6.  6.  2.]]]
#
[283 150  26 465 328 511]
('full', True, 'even', True)
[[[ 3.  1.  2.]
  [ 4.  1.  1.]
  [ 4.  4.  5.]]

 [[ 3.  2.  2.]
  [ 6.  5.  1.]
  [ 4.  5.  5.]]

 [[ 3.  3.  2.]
  [ 6.  6.  6.]
  [ 6.  6.  5.]]]
#
[283 438 474 145 338   3]
('full', True, 'even', True)
[[[ 3.  2.  4.]
  [ 2.  2.  1.]
  [ 6.  2.  1.]]

 [[ 3.  4.  4.]
  [ 6.  5.  4.]
  [ 6.  1.  1.]]

 [[ 3.  3.  5.]
  [ 6.  5.  5.]
  [ 6.  6.  5.]]]
#
[283 439  26 328 511 149]
('full', True, 'even', True)
[[[ 3.  1.  5.]
  [ 4.  1.  1.]
  [ 4.  4.  2.]]

 [[ 3.  5.  5.]
  [ 6.  5.  1.]
  [ 4.  2.  2.]]

 [[ 3.  3.  5.]
  [ 6.  6.  6.]
  [ 6.  6.  2.]]]
#
[283 439 145   3 474 372]
('full', True, 'even', True)
[[[ 3.  2.  5.]
  [ 2.  2.  1.]
  [ 6.  2.  1.]]

 [[ 3.  5.  5.]
  [ 6.  5.  4.]
  [ 6.  1.  1.]]

 [[ 3.  3.  5.]
  [ 6.  4.  4.]
  [ 6.  6.  4.]]]
#
[302 117  50 433 546 339]
('full', True, 'even', True)
[[[ 3.  6.  5.]
  [ 1.  1.  5.]
  [ 2.  1.  5.]]

 [[ 3.  6.  6.]
  [ 1.  5.  5.]
  [ 2.  2.  4.]]

 [[ 3.  6.  6.]
  [ 3.  6.  4.]
  [ 2.  4.  4.]]]
#
[302 125  65 415 321 482]
('full', True, 'even', True)
[[[ 3.  1.  5.]
  [ 1.  1.  4.]
  [ 2.  4.  4.]]

 [[ 3.  1.  5.]
  [ 2.  5.  5.]
  [ 2.  6.  4.]]

 [[ 3.  6.  5.]
  [ 3.  6.  6.]
  [ 2.  6.  6.]]]
#
[302 152 358 433  65 473]
('full', True, 'even', True)
[[[ 3.  1.  5.]
  [ 1.  1.  5.]
  [ 6.  6.  5.]]

 [[ 3.  1.  4.]
  [ 6.  5.  5.]
  [ 6.  6.  6.]]

 [[ 3.  4.  4.]
  [ 3.  2.  4.]
  [ 2.  2.  2.]]]
#
[302 379  50 129 546 339]
('full', True, 'even', True)
[[[ 3.  6.  2.]
  [ 1.  1.  2.]
  [ 5.  1.  2.]]

 [[ 3.  6.  6.]
  [ 1.  5.  2.]
  [ 5.  5.  4.]]

 [[ 3.  6.  6.]
  [ 3.  6.  4.]
  [ 5.  4.  4.]]]
#
[302 396  65 153 321 482]
('full', True, 'even', True)
[[[ 3.  1.  2.]
  [ 1.  1.  4.]
  [ 5.  4.  4.]]

 [[ 3.  1.  2.]
  [ 5.  5.  2.]
  [ 5.  6.  4.]]

 [[ 3.  6.  2.]
  [ 3.  6.  6.]
  [ 5.  6.  6.]]]
#
[302 396 114  19 552 341]
('full', True, 'even', True)
[[[ 3.  1.  1.]
  [ 2.  2.  2.]
  [ 5.  2.  6.]]

 [[ 3.  4.  1.]
  [ 5.  5.  1.]
  [ 5.  6.  6.]]

 [[ 3.  4.  4.]
  [ 3.  4.  6.]
  [ 5.  6.  6.]]]
#
[302 417 358  65 129 473]
('full', True, 'even', True)
[[[ 3.  1.  2.]
  [ 1.  1.  2.]
  [ 6.  6.  2.]]

 [[ 3.  1.  4.]
  [ 6.  5.  2.]
  [ 6.  6.  6.]]

 [[ 3.  4.  4.]
  [ 3.  5.  4.]
  [ 5.  5.  5.]]]
#
[302 566 158 414 339  79]
('full', True, 'even', True)
[[[ 3.  5.  2.]
  [ 6.  2.  2.]
  [ 6.  6.  2.]]

 [[ 3.  5.  1.]
  [ 5.  5.  5.]
  [ 6.  6.  4.]]

 [[ 3.  1.  1.]
  [ 3.  1.  4.]
  [ 6.  4.  4.]]]
#
[312 287 429 112  56 566]
('full', True, 'even', True)
[[[ 4.  4.  3.]
  [ 6.  4.  3.]
  [ 6.  6.  5.]]

 [[ 1.  4.  3.]
  [ 1.  5.  5.]
  [ 6.  6.  5.]]

 [[ 1.  1.  3.]
  [ 2.  2.  2.]
  [ 6.  2.  5.]]]
#
[312 415 208 112  56 566]
('full', True, 'even', True)
[[[ 4.  4.  5.]
  [ 6.  4.  3.]
  [ 6.  6.  3.]]

 [[ 1.  4.  5.]
  [ 1.  5.  5.]
  [ 6.  6.  3.]]

 [[ 1.  1.  5.]
  [ 2.  2.  2.]
  [ 6.  2.  3.]]]
#
[312 433 266 142  23 559]
('full', True, 'even', True)
[[[ 4.  4.  5.]
  [ 1.  4.  5.]
  [ 1.  1.  5.]]

 [[ 2.  4.  3.]
  [ 2.  5.  5.]
  [ 2.  1.  6.]]

 [[ 3.  3.  3.]
  [ 2.  6.  6.]
  [ 6.  6.  6.]]]
#
[326  70 107 484 420 284]
('full', True, 'even', True)
[[[ 4.  4.  1.]
  [ 4.  1.  1.]
  [ 2.  2.  2.]]

 [[ 4.  5.  1.]
  [ 5.  5.  5.]
  [ 6.  2.  3.]]

 [[ 6.  5.  3.]
  [ 6.  6.  3.]
  [ 6.  6.  3.]]]
#
[326  70 474 245 447 154]
('full', True, 'even', True)
[[[ 4.  4.  1.]
  [ 4.  1.  1.]
  [ 6.  3.  3.]]

 [[ 4.  5.  1.]
  [ 6.  5.  5.]
  [ 6.  5.  3.]]

 [[ 2.  2.  2.]
  [ 6.  2.  5.]
  [ 6.  6.  3.]]]
#
[326 129 557 242  12 454]
('full', True, 'even', True)
[[[ 4.  4.  2.]
  [ 4.  5.  2.]
  [ 1.  1.  2.]]

 [[ 4.  6.  6.]
  [ 1.  5.  2.]
  [ 1.  5.  5.]]

 [[ 6.  6.  6.]
  [ 3.  5.  6.]
  [ 3.  3.  3.]]]
#
[326 150 217 399 478  27]
('full', True, 'even', True)
[[[ 4.  4.  2.]
  [ 4.  5.  6.]
  [ 5.  5.  5.]]

 [[ 4.  2.  2.]
  [ 1.  5.  6.]
  [ 1.  1.  6.]]

 [[ 3.  3.  2.]
  [ 3.  6.  6.]
  [ 3.  1.  6.]]]
#
[326 150 397 482 237  78]
('full', True, 'even', True)
[[[ 4.  4.  2.]
  [ 4.  1.  1.]
  [ 3.  3.  3.]]

 [[ 4.  2.  2.]
  [ 5.  5.  1.]
  [ 3.  6.  1.]]

 [[ 5.  6.  2.]
  [ 5.  6.  6.]
  [ 5.  6.  6.]]]
#
[326 153   1 271 524 396]
('full', True, 'even', True)
[[[ 4.  4.  2.]
  [ 4.  1.  1.]
  [ 5.  1.  3.]]

 [[ 4.  6.  2.]
  [ 5.  5.  2.]
  [ 5.  1.  3.]]

 [[ 6.  6.  2.]
  [ 6.  6.  3.]
  [ 5.  6.  3.]]]
#
[326 153 480 387  88 235]
('full', True, 'even', True)
[[[ 4.  4.  2.]
  [ 4.  5.  6.]
  [ 6.  6.  6.]]

 [[ 4.  1.  2.]
  [ 5.  5.  2.]
  [ 5.  6.  6.]]

 [[ 1.  1.  2.]
  [ 1.  5.  3.]
  [ 3.  3.  3.]]]
#
[326 158 396  95 524 301]
('full', True, 'even', True)
[[[ 4.  4.  2.]
  [ 4.  2.  2.]
  [ 5.  1.  2.]]

 [[ 4.  6.  3.]
  [ 5.  5.  1.]
  [ 5.  1.  1.]]

 [[ 6.  6.  3.]
  [ 6.  6.  3.]
  [ 5.  6.  3.]]]
#
[326 158 473   5 413 190]
('full', True, 'even', True)
[[[ 4.  4.  2.]
  [ 4.  2.  2.]
  [ 6.  6.  2.]]

 [[ 4.  1.  1.]
  [ 6.  5.  1.]
  [ 6.  6.  6.]]

 [[ 5.  1.  3.]
  [ 5.  5.  3.]
  [ 5.  3.  3.]]]
#
[326 158 473   5 438 183]
('full', True, 'even', True)
[[[ 4.  4.  2.]
  [ 4.  2.  2.]
  [ 6.  6.  2.]]

 [[ 4.  1.  1.]
  [ 6.  5.  1.]
  [ 6.  6.  6.]]

 [[ 3.  1.  5.]
  [ 3.  5.  5.]
  [ 3.  3.  5.]]]
#
[326 158 473  11 390 242]
('full', True, 'even', True)
[[[ 4.  4.  2.]
  [ 4.  2.  2.]
  [ 6.  6.  2.]]

 [[ 4.  5.  1.]
  [ 6.  5.  1.]
  [ 6.  6.  6.]]

 [[ 5.  5.  5.]
  [ 3.  1.  1.]
  [ 3.  3.  3.]]]
#
[326 212 524 125 429   1]
('full', True, 'even', True)
[[[ 4.  4.  3.]
  [ 4.  1.  1.]
  [ 2.  1.  5.]]

 [[ 4.  6.  3.]
  [ 2.  5.  5.]
  [ 2.  1.  5.]]

 [[ 6.  6.  3.]
  [ 6.  6.  3.]
  [ 2.  6.  5.]]]
#
[326 212 524 396 164   1]
('full', True, 'even', True)
[[[ 4.  4.  3.]
  [ 4.  1.  1.]
  [ 5.  1.  2.]]

 [[ 4.  6.  3.]
  [ 5.  5.  2.]
  [ 5.  1.  2.]]

 [[ 6.  6.  3.]
  [ 6.  6.  3.]
  [ 5.  6.  2.]]]
#
[326 287 136 399  24 532]
('full', True, 'even', True)
[[[ 4.  4.  3.]
  [ 4.  5.  3.]
  [ 5.  5.  5.]]

 [[ 4.  1.  3.]
  [ 2.  5.  6.]
  [ 6.  6.  6.]]

 [[ 2.  1.  3.]
  [ 2.  1.  1.]
  [ 2.  6.  6.]]]
#
[326 287 397  24  99 532]
('full', True, 'even', True)
[[[ 4.  4.  3.]
  [ 4.  2.  3.]
  [ 2.  2.  2.]]

 [[ 4.  1.  3.]
  [ 5.  5.  6.]
  [ 6.  6.  6.]]

 [[ 5.  1.  3.]
  [ 5.  1.  1.]
  [ 5.  6.  6.]]]
#
[326 415 524 271   1 125]
('full', True, 'even', True)
[[[ 4.  4.  5.]
  [ 4.  1.  1.]
  [ 2.  1.  3.]]

 [[ 4.  6.  5.]
  [ 2.  5.  5.]
  [ 2.  1.  3.]]

 [[ 6.  6.  5.]
  [ 6.  6.  3.]
  [ 2.  6.  3.]]]
#
[326 439  78 237 136 482]
('full', True, 'even', True)
[[[ 4.  4.  5.]
  [ 4.  1.  1.]
  [ 3.  3.  3.]]

 [[ 4.  5.  5.]
  [ 2.  5.  1.]
  [ 3.  6.  1.]]

 [[ 2.  6.  5.]
  [ 2.  6.  6.]
  [ 2.  6.  6.]]]
#
[326 439  99 478 217  27]
('full', True, 'even', True)
[[[ 4.  4.  5.]
  [ 4.  2.  6.]
  [ 2.  2.  2.]]

 [[ 4.  5.  5.]
  [ 1.  5.  6.]
  [ 1.  1.  6.]]

 [[ 3.  3.  5.]
  [ 3.  6.  6.]
  [ 3.  1.  6.]]]
#
[326 470 125  95 524 301]
('full', True, 'even', True)
[[[ 4.  4.  5.]
  [ 4.  5.  5.]
  [ 2.  1.  5.]]

 [[ 4.  6.  3.]
  [ 2.  5.  1.]
  [ 2.  1.  1.]]

 [[ 6.  6.  3.]
  [ 6.  6.  3.]
  [ 2.  6.  3.]]]
#
[326 470 473   5 148 190]
('full', True, 'even', True)
[[[ 4.  4.  5.]
  [ 4.  5.  5.]
  [ 6.  6.  5.]]

 [[ 4.  1.  1.]
  [ 6.  5.  1.]
  [ 6.  6.  6.]]

 [[ 2.  1.  3.]
  [ 2.  2.  3.]
  [ 2.  3.  3.]]]
#
[326 470 473   5 183 124]
('full', True, 'even', True)
[[[ 4.  4.  5.]
  [ 4.  5.  5.]
  [ 6.  6.  5.]]

 [[ 4.  1.  1.]
  [ 6.  5.  1.]
  [ 6.  6.  6.]]

 [[ 3.  1.  2.]
  [ 3.  2.  2.]
  [ 3.  3.  2.]]]
#
[326 470 473 163  11 242]
('full', True, 'even', True)
[[[ 4.  4.  5.]
  [ 4.  5.  5.]
  [ 6.  6.  5.]]

 [[ 4.  2.  1.]
  [ 6.  5.  1.]
  [ 6.  6.  6.]]

 [[ 2.  2.  2.]
  [ 3.  1.  1.]
  [ 3.  3.  3.]]]
#
[326 481 148 468  12 295]
('full', True, 'even', True)
[[[ 4.  4.  6.]
  [ 4.  5.  5.]
  [ 1.  1.  3.]]

 [[ 4.  5.  6.]
  [ 1.  5.  6.]
  [ 1.  5.  3.]]

 [[ 2.  6.  6.]
  [ 2.  2.  6.]
  [ 2.  3.  3.]]]
#
[326 494 163   6 224 436]
('full', True, 'even', True)
[[[ 4.  4.  6.]
  [ 4.  6.  6.]
  [ 3.  3.  3.]]

 [[ 4.  2.  6.]
  [ 1.  5.  6.]
  [ 1.  5.  3.]]

 [[ 2.  2.  2.]
  [ 1.  1.  6.]
  [ 5.  5.  5.]]]
#
[326 494 163   6 376 180]
('full', True, 'even', True)
[[[ 4.  4.  6.]
  [ 4.  6.  6.]
  [ 5.  5.  5.]]

 [[ 4.  2.  6.]
  [ 1.  5.  6.]
  [ 1.  5.  3.]]

 [[ 2.  2.  2.]
  [ 1.  1.  6.]
  [ 3.  3.  3.]]]
#
[326 494 163  92 396 245]
('full', True, 'even', True)
[[[ 4.  4.  6.]
  [ 4.  6.  6.]
  [ 5.  3.  3.]]

 [[ 4.  2.  6.]
  [ 5.  5.  6.]
  [ 5.  1.  3.]]

 [[ 2.  2.  2.]
  [ 1.  1.  6.]
  [ 5.  1.  3.]]]
#
[326 494 390   6 107 180]
('full', True, 'even', True)
[[[ 4.  4.  6.]
  [ 4.  6.  6.]
  [ 2.  2.  2.]]

 [[ 4.  5.  6.]
  [ 1.  5.  6.]
  [ 1.  2.  3.]]

 [[ 5.  5.  5.]
  [ 1.  1.  6.]
  [ 3.  3.  3.]]]
#
[326 494 390   6 224 126]
('full', True, 'even', True)
[[[ 4.  4.  6.]
  [ 4.  6.  6.]
  [ 3.  3.  3.]]

 [[ 4.  5.  6.]
  [ 1.  5.  6.]
  [ 1.  2.  3.]]

 [[ 5.  5.  5.]
  [ 1.  1.  6.]
  [ 2.  2.  2.]]]
#
[326 494 390 125  92 245]
('full', True, 'even', True)
[[[ 4.  4.  6.]
  [ 4.  6.  6.]
  [ 2.  3.  3.]]

 [[ 4.  5.  6.]
  [ 2.  5.  6.]
  [ 2.  1.  3.]]

 [[ 5.  5.  5.]
  [ 1.  1.  6.]
  [ 2.  1.  3.]]]
#
[326 526 117 301  88 467]
('full', True, 'even', True)
[[[ 4.  4.  6.]
  [ 4.  6.  6.]
  [ 2.  6.  6.]]

 [[ 4.  1.  3.]
  [ 5.  5.  5.]
  [ 2.  2.  6.]]

 [[ 1.  1.  3.]
  [ 1.  5.  3.]
  [ 2.  5.  3.]]]
#
[346 217 438 132  66 485]
('full', True, 'even', True)
[[[ 4.  6.  6.]
  [ 1.  1.  6.]
  [ 1.  2.  6.]]

 [[ 4.  4.  6.]
  [ 4.  5.  6.]
  [ 1.  2.  2.]]

 [[ 3.  3.  5.]
  [ 3.  5.  5.]
  [ 3.  2.  5.]]]
#
[346 413 303 132  66 485]
('full', True, 'even', True)
[[[ 4.  6.  6.]
  [ 1.  1.  6.]
  [ 1.  2.  6.]]

 [[ 4.  4.  6.]
  [ 4.  5.  6.]
  [ 1.  2.  2.]]

 [[ 5.  3.  3.]
  [ 5.  5.  3.]
  [ 5.  2.  3.]]]
#
[346 440 309 114  19 552]
('full', True, 'even', True)
[[[ 4.  1.  1.]
  [ 2.  2.  2.]
  [ 3.  2.  6.]]

 [[ 4.  4.  1.]
  [ 4.  5.  1.]
  [ 3.  6.  6.]]

 [[ 5.  5.  5.]
  [ 3.  5.  6.]
  [ 3.  6.  6.]]]
#
[347 237 436 103  48 516]
('full', True, 'even', True)
[[[ 4.  1.  1.]
  [ 4.  4.  1.]
  [ 3.  3.  3.]]

 [[ 6.  1.  2.]
  [ 4.  5.  2.]
  [ 3.  5.  2.]]

 [[ 6.  6.  6.]
  [ 6.  6.  2.]
  [ 5.  5.  5.]]]
#
[347 376 209 103  48 516]
('full', True, 'even', True)
[[[ 4.  1.  1.]
  [ 4.  4.  1.]
  [ 5.  5.  5.]]

 [[ 6.  1.  2.]
  [ 4.  5.  2.]
  [ 3.  5.  2.]]

 [[ 6.  6.  6.]
  [ 6.  6.  2.]
  [ 3.  3.  3.]]]
#
[347 379 220 157  39 502]
('full', True, 'even', True)
[[[ 4.  2.  3.]
  [ 4.  4.  3.]
  [ 5.  3.  3.]]

 [[ 1.  2.  2.]
  [ 4.  5.  6.]
  [ 5.  5.  6.]]

 [[ 1.  2.  6.]
  [ 1.  1.  6.]
  [ 5.  6.  6.]]]
#
[400  26 278 328 511 149]
('full', True, 'even', True)
[[[ 5.  1.  3.]
  [ 4.  1.  1.]
  [ 4.  4.  2.]]

 [[ 5.  5.  3.]
  [ 6.  5.  1.]
  [ 4.  2.  2.]]

 [[ 5.  3.  3.]
  [ 6.  6.  6.]
  [ 6.  6.  2.]]]
#
[400 145 474   3 278 372]
('full', True, 'even', True)
[[[ 5.  2.  3.]
  [ 2.  2.  1.]
  [ 6.  2.  1.]]

 [[ 5.  5.  3.]
  [ 6.  5.  4.]
  [ 6.  1.  1.]]

 [[ 5.  3.  3.]
  [ 6.  4.  4.]
  [ 6.  6.  4.]]]
#
[400 215 358  95 556 152]
('full', True, 'even', True)
[[[ 5.  3.  3.]
  [ 6.  6.  3.]
  [ 6.  1.  3.]]

 [[ 5.  5.  4.]
  [ 6.  5.  1.]
  [ 6.  1.  1.]]

 [[ 5.  4.  4.]
  [ 6.  2.  4.]
  [ 2.  2.  2.]]]
#
[400 306  42 339 515 117]
('full', True, 'even', True)
[[[ 5.  3.  3.]
  [ 6.  6.  6.]
  [ 2.  6.  6.]]

 [[ 5.  5.  3.]
  [ 1.  5.  6.]
  [ 2.  2.  4.]]

 [[ 5.  1.  3.]
  [ 1.  1.  4.]
  [ 2.  4.  4.]]]
#
[400 306 138  91 369 522]
('full', True, 'even', True)
[[[ 5.  3.  3.]
  [ 4.  4.  6.]
  [ 4.  6.  6.]]

 [[ 5.  5.  3.]
  [ 4.  5.  6.]
  [ 1.  1.  6.]]

 [[ 5.  2.  3.]
  [ 1.  2.  2.]
  [ 1.  2.  6.]]]
#
[400 331  50 117 295 551]
('full', True, 'even', True)
[[[ 5.  4.  4.]
  [ 1.  1.  4.]
  [ 2.  1.  3.]]

 [[ 5.  5.  4.]
  [ 1.  5.  6.]
  [ 2.  2.  3.]]

 [[ 5.  6.  6.]
  [ 6.  6.  6.]
  [ 2.  3.  3.]]]
#
[400 331  50 174 149 551]
('full', True, 'even', True)
[[[ 5.  4.  4.]
  [ 1.  1.  4.]
  [ 3.  1.  2.]]

 [[ 5.  5.  4.]
  [ 1.  5.  6.]
  [ 3.  2.  2.]]

 [[ 5.  6.  6.]
  [ 6.  6.  6.]
  [ 3.  3.  2.]]]
#
[400 331  99  35 551 180]
('full', True, 'even', True)
[[[ 5.  4.  4.]
  [ 1.  2.  4.]
  [ 2.  2.  2.]]

 [[ 5.  5.  4.]
  [ 1.  5.  6.]
  [ 1.  1.  3.]]

 [[ 5.  6.  6.]
  [ 6.  6.  6.]
  [ 3.  3.  3.]]]
#
[400 331 472  98  42 225]
('full', True, 'even', True)
[[[ 5.  4.  4.]
  [ 3.  6.  4.]
  [ 3.  6.  6.]]

 [[ 5.  5.  4.]
  [ 1.  5.  2.]
  [ 3.  6.  6.]]

 [[ 5.  1.  2.]
  [ 1.  1.  2.]
  [ 3.  6.  2.]]]
#
[400 485 303 132 344  66]
('full', True, 'even', True)
[[[ 5.  6.  6.]
  [ 1.  1.  6.]
  [ 1.  2.  6.]]

 [[ 5.  5.  6.]
  [ 4.  5.  6.]
  [ 1.  2.  2.]]

 [[ 5.  3.  3.]
  [ 4.  4.  3.]
  [ 4.  2.  3.]]]
#
[400 501   6 180 129 358]
('full', True, 'even', True)
[[[ 5.  6.  2.]
  [ 6.  6.  2.]
  [ 6.  6.  2.]]

 [[ 5.  5.  4.]
  [ 1.  5.  2.]
  [ 1.  6.  3.]]

 [[ 5.  4.  4.]
  [ 1.  1.  4.]
  [ 3.  3.  3.]]]
#
[404  95 215 371 539 124]
('full', True, 'even', True)
[[[ 5.  3.  3.]
  [ 5.  5.  3.]
  [ 5.  1.  3.]]

 [[ 6.  6.  6.]
  [ 6.  5.  1.]
  [ 4.  1.  1.]]

 [[ 6.  6.  2.]
  [ 4.  2.  2.]
  [ 4.  4.  2.]]]
#
[404 105 561 215  90 335]
('full', True, 'even', True)
[[[ 5.  3.  3.]
  [ 5.  5.  3.]
  [ 5.  2.  3.]]

 [[ 6.  4.  4.]
  [ 6.  5.  4.]
  [ 2.  2.  1.]]

 [[ 6.  6.  4.]
  [ 6.  1.  1.]
  [ 6.  2.  1.]]]
#
[404 220  57 358 532 148]
('full', True, 'even', True)
[[[ 5.  1.  3.]
  [ 5.  5.  3.]
  [ 5.  3.  3.]]

 [[ 1.  1.  4.]
  [ 1.  5.  6.]
  [ 6.  6.  6.]]

 [[ 2.  4.  4.]
  [ 2.  2.  4.]
  [ 2.  6.  6.]]]
#
[404 220 157  39 324 502]
('full', True, 'even', True)
[[[ 5.  2.  3.]
  [ 5.  5.  3.]
  [ 5.  3.  3.]]

 [[ 1.  2.  2.]
  [ 4.  5.  6.]
  [ 4.  4.  6.]]

 [[ 1.  2.  6.]
  [ 1.  1.  6.]
  [ 4.  6.  6.]]]
#
[404 245 331  59 163 512]
('full', True, 'even', True)
[[[ 5.  4.  4.]
  [ 5.  5.  4.]
  [ 5.  3.  3.]]

 [[ 6.  2.  4.]
  [ 6.  5.  1.]
  [ 6.  6.  3.]]

 [[ 2.  2.  2.]
  [ 6.  1.  1.]
  [ 6.  1.  3.]]]
#
[404 321 153  57 482 310]
('full', True, 'even', True)
[[[ 5.  1.  2.]
  [ 5.  5.  4.]
  [ 5.  4.  4.]]

 [[ 1.  1.  2.]
  [ 1.  5.  2.]
  [ 3.  6.  4.]]

 [[ 3.  6.  2.]
  [ 3.  6.  6.]
  [ 3.  6.  6.]]]
#
[404 321 565   6 126 170]
('full', True, 'even', True)
[[[ 5.  6.  6.]
  [ 5.  5.  4.]
  [ 5.  4.  4.]]

 [[ 6.  6.  6.]
  [ 1.  5.  6.]
  [ 1.  2.  4.]]

 [[ 3.  3.  3.]
  [ 1.  1.  3.]
  [ 2.  2.  2.]]]
#
[404 321 565  27 148 303]
('full', True, 'even', True)
[[[ 5.  6.  6.]
  [ 5.  5.  4.]
  [ 5.  4.  4.]]

 [[ 6.  6.  6.]
  [ 1.  5.  6.]
  [ 1.  1.  4.]]

 [[ 2.  3.  3.]
  [ 2.  2.  3.]
  [ 2.  1.  3.]]]
#
[404 321 565  27 217 124]
('full', True, 'even', True)
[[[ 5.  6.  6.]
  [ 5.  5.  4.]
  [ 5.  4.  4.]]

 [[ 6.  6.  6.]
  [ 1.  5.  6.]
  [ 1.  1.  4.]]

 [[ 3.  3.  2.]
  [ 3.  2.  2.]
  [ 3.  1.  2.]]]
#
[404 522 306 138 325  91]
('full', True, 'even', True)
[[[ 5.  3.  3.]
  [ 5.  5.  6.]
  [ 5.  6.  6.]]

 [[ 4.  4.  3.]
  [ 4.  5.  6.]
  [ 1.  1.  6.]]

 [[ 4.  2.  3.]
  [ 1.  2.  2.]
  [ 1.  2.  6.]]]
#
[404 530  44 170 331 164]
('full', True, 'even', True)
[[[ 5.  4.  4.]
  [ 5.  5.  4.]
  [ 5.  6.  2.]]

 [[ 1.  1.  4.]
  [ 1.  5.  2.]
  [ 6.  6.  2.]]

 [[ 3.  3.  3.]
  [ 1.  6.  3.]
  [ 6.  6.  2.]]]
#
[408  11 175 321 556 126]
('full', True, 'even', True)
[[[ 5.  5.  5.]
  [ 6.  6.  4.]
  [ 6.  4.  4.]]

 [[ 3.  5.  1.]
  [ 6.  5.  1.]
  [ 6.  2.  4.]]

 [[ 3.  3.  3.]
  [ 6.  1.  1.]
  [ 2.  2.  2.]]]
#
[408 128 495 175  80 344]
('full', True, 'even', True)
[[[ 5.  5.  5.]
  [ 6.  6.  2.]
  [ 6.  6.  6.]]

 [[ 3.  5.  2.]
  [ 4.  5.  2.]
  [ 6.  1.  2.]]

 [[ 3.  3.  3.]
  [ 4.  4.  1.]
  [ 4.  1.  1.]]]
#
[408 266  47 107 478 371]
('full', True, 'even', True)
[[[ 5.  5.  5.]
  [ 1.  1.  6.]
  [ 2.  2.  2.]]

 [[ 1.  5.  3.]
  [ 1.  5.  6.]
  [ 4.  2.  6.]]

 [[ 3.  3.  3.]
  [ 4.  6.  6.]
  [ 4.  4.  6.]]]
#
[408 266 142  23 362 559]
('full', True, 'even', True)
[[[ 5.  5.  5.]
  [ 1.  4.  4.]
  [ 1.  1.  4.]]

 [[ 2.  5.  3.]
  [ 2.  5.  4.]
  [ 2.  1.  6.]]

 [[ 3.  3.  3.]
  [ 2.  6.  6.]
  [ 6.  6.  6.]]]
#
[408 301 322  63 125 515]
('full', True, 'even', True)
[[[ 5.  5.  5.]
  [ 6.  6.  6.]
  [ 2.  6.  6.]]

 [[ 4.  5.  3.]
  [ 2.  5.  6.]
  [ 2.  1.  1.]]

 [[ 4.  4.  3.]
  [ 4.  1.  3.]
  [ 2.  1.  3.]]]
#
[408 358  78 107 209 499]
('full', True, 'even', True)
[[[ 5.  5.  5.]
  [ 6.  1.  1.]
  [ 2.  2.  2.]]

 [[ 6.  5.  4.]
  [ 6.  5.  1.]
  [ 3.  2.  1.]]

 [[ 6.  4.  4.]
  [ 6.  6.  4.]
  [ 3.  3.  3.]]]
#
[408 358  78 237 126 499]
('full', True, 'even', True)
[[[ 5.  5.  5.]
  [ 6.  1.  1.]
  [ 3.  3.  3.]]

 [[ 6.  5.  4.]
  [ 6.  5.  1.]
  [ 3.  2.  1.]]

 [[ 6.  4.  4.]
  [ 6.  6.  4.]
  [ 2.  2.  2.]]]
#
[408 358 164   1 499 174]
('full', True, 'even', True)
[[[ 5.  5.  5.]
  [ 6.  1.  1.]
  [ 3.  1.  2.]]

 [[ 6.  5.  4.]
  [ 6.  5.  2.]
  [ 3.  1.  2.]]

 [[ 6.  4.  4.]
  [ 6.  6.  4.]
  [ 3.  3.  2.]]]
#
[408 358 532 148  47 233]
('full', True, 'even', True)
[[[ 5.  5.  5.]
  [ 1.  1.  3.]
  [ 3.  3.  3.]]

 [[ 1.  5.  4.]
  [ 1.  5.  6.]
  [ 6.  6.  6.]]

 [[ 2.  4.  4.]
  [ 2.  2.  4.]
  [ 2.  6.  6.]]]
#
[408 475  50 174 322 124]
('full', True, 'even', True)
[[[ 5.  5.  5.]
  [ 1.  1.  6.]
  [ 3.  1.  6.]]

 [[ 4.  5.  6.]
  [ 1.  5.  6.]
  [ 3.  6.  6.]]

 [[ 4.  4.  2.]
  [ 4.  2.  2.]
  [ 3.  3.  2.]]]
#
[408 525 274 156 369  69]
('full', True, 'even', True)
[[[ 5.  5.  5.]
  [ 4.  4.  1.]
  [ 4.  1.  1.]]

 [[ 3.  5.  6.]
  [ 4.  5.  1.]
  [ 2.  2.  2.]]

 [[ 3.  6.  6.]
  [ 3.  6.  6.]
  [ 3.  2.  6.]]]
#
[450  92 225 358 520 164]
('full', True, 'even', True)
[[[ 5.  6.  6.]
  [ 3.  6.  6.]
  [ 3.  6.  2.]]

 [[ 5.  6.  4.]
  [ 5.  5.  2.]
  [ 3.  1.  2.]]

 [[ 5.  4.  4.]
  [ 1.  1.  4.]
  [ 3.  1.  2.]]]
#
[450 118 554 225  71 353]
('full', True, 'even', True)
[[[ 5.  6.  6.]
  [ 3.  4.  6.]
  [ 3.  4.  4.]]

 [[ 5.  6.  6.]
  [ 5.  5.  1.]
  [ 3.  4.  1.]]

 [[ 5.  2.  6.]
  [ 2.  2.  2.]
  [ 3.  1.  1.]]]
#
[450 242 328  31 158 546]
('full', True, 'even', True)
[[[ 5.  6.  2.]
  [ 4.  2.  2.]
  [ 4.  4.  2.]]

 [[ 5.  6.  6.]
  [ 5.  5.  1.]
  [ 4.  1.  1.]]

 [[ 5.  6.  6.]
  [ 3.  6.  1.]
  [ 3.  3.  3.]]]
#
[450 309  65 153 321 482]
('full', True, 'even', True)
[[[ 5.  1.  2.]
  [ 1.  1.  4.]
  [ 3.  4.  4.]]

 [[ 5.  1.  2.]
  [ 5.  5.  2.]
  [ 3.  6.  4.]]

 [[ 5.  6.  2.]
  [ 3.  6.  6.]
  [ 3.  6.  6.]]]
#
[450 309 114  19 552 341]
('full', True, 'even', True)
[[[ 5.  1.  1.]
  [ 2.  2.  2.]
  [ 3.  2.  6.]]

 [[ 5.  4.  1.]
  [ 5.  5.  1.]
  [ 3.  6.  6.]]

 [[ 5.  4.  4.]
  [ 3.  4.  6.]
  [ 3.  6.  6.]]]
#
[450 371 107  65 478 278]
('full', True, 'even', True)
[[[ 5.  1.  3.]
  [ 1.  1.  6.]
  [ 2.  2.  2.]]

 [[ 5.  1.  3.]
  [ 5.  5.  6.]
  [ 4.  2.  6.]]

 [[ 5.  3.  3.]
  [ 4.  6.  6.]
  [ 4.  4.  6.]]]
#
[450 371 501   5 296 124]
('full', True, 'even', True)
[[[ 5.  6.  3.]
  [ 6.  6.  3.]
  [ 6.  6.  3.]]

 [[ 5.  1.  1.]
  [ 5.  5.  1.]
  [ 4.  6.  3.]]

 [[ 5.  1.  2.]
  [ 4.  2.  2.]
  [ 4.  4.  2.]]]
#
[450 371 501  24 153 208]
('full', True, 'even', True)
[[[ 5.  6.  2.]
  [ 6.  6.  3.]
  [ 6.  6.  3.]]

 [[ 5.  1.  2.]
  [ 5.  5.  2.]
  [ 4.  6.  3.]]

 [[ 5.  1.  2.]
  [ 4.  1.  1.]
  [ 4.  4.  3.]]]
#
[450 371 501  24 287 164]
('full', True, 'even', True)
[[[ 5.  6.  3.]
  [ 6.  6.  3.]
  [ 6.  6.  2.]]

 [[ 5.  1.  3.]
  [ 5.  5.  2.]
  [ 4.  6.  2.]]

 [[ 5.  1.  3.]
  [ 4.  1.  1.]
  [ 4.  4.  2.]]]
#
[450 542 276 109 365  79]
('full', True, 'even', True)
[[[ 5.  4.  4.]
  [ 3.  4.  2.]
  [ 3.  3.  3.]]

 [[ 5.  4.  1.]
  [ 5.  5.  2.]
  [ 6.  6.  2.]]

 [[ 5.  1.  1.]
  [ 6.  1.  2.]
  [ 6.  6.  6.]]]
#
[450 551  45 296 328 126]
('full', True, 'even', True)
[[[ 5.  1.  3.]
  [ 4.  1.  3.]
  [ 4.  4.  3.]]

 [[ 5.  1.  1.]
  [ 5.  5.  6.]
  [ 4.  2.  3.]]

 [[ 5.  6.  6.]
  [ 6.  6.  6.]
  [ 2.  2.  2.]]]
#
[451  35 233 322 563 152]
('full', True, 'even', True)
[[[ 5.  5.  5.]
  [ 1.  5.  3.]
  [ 3.  3.  3.]]

 [[ 4.  6.  6.]
  [ 1.  5.  6.]
  [ 1.  1.  6.]]

 [[ 4.  4.  6.]
  [ 4.  2.  6.]
  [ 2.  2.  2.]]]
#
[451 102 557 233  75 334]
('full', True, 'even', True)
[[[ 5.  5.  5.]
  [ 2.  5.  3.]
  [ 3.  3.  3.]]

 [[ 2.  6.  6.]
  [ 2.  5.  4.]
  [ 1.  4.  4.]]

 [[ 6.  6.  6.]
  [ 2.  1.  6.]
  [ 1.  1.  4.]]]
#
[451 225 321  92 539  98]
('full', True, 'even', True)
[[[ 5.  5.  5.]
  [ 3.  5.  4.]
  [ 3.  4.  4.]]

 [[ 6.  6.  6.]
  [ 6.  5.  2.]
  [ 3.  1.  4.]]

 [[ 6.  6.  2.]
  [ 1.  1.  2.]
  [ 3.  1.  2.]]]
#
[451 276   0 339 512 154]
('full', True, 'even', True)
[[[ 5.  5.  5.]
  [ 3.  5.  1.]
  [ 3.  3.  3.]]

 [[ 6.  1.  1.]
  [ 6.  5.  1.]
  [ 6.  6.  4.]]

 [[ 2.  2.  2.]
  [ 6.  2.  4.]
  [ 6.  4.  4.]]]
#
[451 276 109  79 325 542]
('full', True, 'even', True)
[[[ 5.  5.  5.]
  [ 3.  5.  2.]
  [ 3.  3.  3.]]

 [[ 4.  4.  1.]
  [ 4.  5.  2.]
  [ 6.  6.  2.]]

 [[ 4.  1.  1.]
  [ 6.  1.  2.]
  [ 6.  6.  6.]]]
#
[451 328 149   0 511 175]
('full', True, 'even', True)
[[[ 5.  5.  5.]
  [ 4.  5.  1.]
  [ 4.  4.  2.]]

 [[ 3.  1.  1.]
  [ 6.  5.  1.]
  [ 4.  2.  2.]]

 [[ 3.  3.  3.]
  [ 6.  6.  6.]
  [ 6.  6.  2.]]]
#
[451 328 475  44 154 235]
('full', True, 'even', True)
[[[ 5.  5.  5.]
  [ 4.  5.  6.]
  [ 4.  4.  6.]]

 [[ 1.  1.  6.]
  [ 1.  5.  6.]
  [ 4.  6.  6.]]

 [[ 2.  2.  2.]
  [ 1.  2.  3.]
  [ 3.  3.  3.]]]
#
[451 328 475  44 170 152]
('full', True, 'even', True)
[[[ 5.  5.  5.]
  [ 4.  5.  6.]
  [ 4.  4.  6.]]

 [[ 1.  1.  6.]
  [ 1.  5.  6.]
  [ 4.  6.  6.]]

 [[ 3.  3.  3.]
  [ 1.  2.  3.]
  [ 2.  2.  2.]]]
#
[451 328 475  94 136 190]
('full', True, 'even', True)
[[[ 5.  5.  5.]
  [ 4.  5.  6.]
  [ 4.  4.  6.]]

 [[ 1.  1.  6.]
  [ 2.  5.  6.]
  [ 4.  6.  6.]]

 [[ 2.  1.  3.]
  [ 2.  1.  3.]
  [ 2.  3.  3.]]]
#
[451 499   5 190 321 117]
('full', True, 'even', True)
[[[ 5.  5.  5.]
  [ 6.  5.  4.]
  [ 2.  4.  4.]]

 [[ 6.  1.  1.]
  [ 6.  5.  1.]
  [ 2.  2.  4.]]

 [[ 6.  1.  3.]
  [ 6.  6.  3.]
  [ 2.  3.  3.]]]
#
[451 566 208 112 335  56]
('full', True, 'even', True)
[[[ 5.  5.  5.]
  [ 6.  5.  3.]
  [ 6.  6.  3.]]

 [[ 1.  4.  4.]
  [ 1.  5.  4.]
  [ 6.  6.  3.]]

 [[ 1.  1.  4.]
  [ 2.  2.  2.]
  [ 6.  2.  3.]]]
#
[456  94 310 331 472  98]
('full', True, 'even', True)
[[[ 5.  4.  4.]
  [ 5.  6.  4.]
  [ 5.  6.  6.]]

 [[ 1.  1.  4.]
  [ 5.  5.  2.]
  [ 3.  6.  6.]]

 [[ 3.  1.  2.]
  [ 3.  1.  2.]
  [ 3.  6.  2.]]]
#
[456 140 526  28 313 310]
('full', True, 'even', True)
[[[ 5.  2.  6.]
  [ 5.  6.  6.]
  [ 5.  6.  6.]]

 [[ 2.  2.  2.]
  [ 5.  5.  1.]
  [ 3.  4.  6.]]

 [[ 3.  1.  1.]
  [ 3.  4.  1.]
  [ 3.  4.  4.]]]
#
[456 175 371  11 520 149]
('full', True, 'even', True)
[[[ 5.  6.  6.]
  [ 5.  6.  6.]
  [ 5.  6.  2.]]

 [[ 3.  6.  1.]
  [ 5.  5.  1.]
  [ 4.  2.  2.]]

 [[ 3.  3.  3.]
  [ 4.  1.  1.]
  [ 4.  4.  2.]]]
#
[456 274  93 129 546 339]
('full', True, 'even', True)
[[[ 5.  6.  2.]
  [ 5.  1.  2.]
  [ 5.  1.  2.]]

 [[ 3.  6.  6.]
  [ 5.  5.  2.]
  [ 1.  1.  4.]]

 [[ 3.  6.  6.]
  [ 3.  6.  4.]
  [ 3.  4.  4.]]]
#
[456 274 156  69 365 525]
('full', True, 'even', True)
[[[ 5.  4.  4.]
  [ 5.  4.  1.]
  [ 5.  1.  1.]]

 [[ 3.  4.  6.]
  [ 5.  5.  1.]
  [ 2.  2.  2.]]

 [[ 3.  6.  6.]
  [ 3.  6.  6.]
  [ 3.  2.  6.]]]
#
[456 322  45 129 284 530]
('full', True, 'even', True)
[[[ 5.  1.  2.]
  [ 5.  1.  2.]
  [ 5.  6.  2.]]

 [[ 4.  1.  1.]
  [ 5.  5.  2.]
  [ 6.  6.  3.]]

 [[ 4.  4.  3.]
  [ 4.  6.  3.]
  [ 6.  6.  3.]]]
#
[456 322  45 296  98 530]
('full', True, 'even', True)
[[[ 5.  1.  3.]
  [ 5.  1.  3.]
  [ 5.  6.  3.]]

 [[ 4.  1.  1.]
  [ 5.  5.  2.]
  [ 6.  6.  3.]]

 [[ 4.  4.  2.]
  [ 4.  6.  2.]
  [ 6.  6.  2.]]]
#
[456 322 150  26 530 271]
('full', True, 'even', True)
[[[ 5.  1.  2.]
  [ 5.  1.  1.]
  [ 5.  6.  3.]]

 [[ 4.  2.  2.]
  [ 5.  5.  1.]
  [ 6.  6.  3.]]

 [[ 4.  4.  2.]
  [ 4.  6.  3.]
  [ 6.  6.  3.]]]
#
[456 322 563 152  93 215]
('full', True, 'even', True)
[[[ 5.  3.  3.]
  [ 5.  1.  3.]
  [ 5.  1.  3.]]

 [[ 4.  6.  6.]
  [ 5.  5.  6.]
  [ 1.  1.  6.]]

 [[ 4.  4.  6.]
  [ 4.  2.  6.]
  [ 2.  2.  2.]]]
#
[456 516 209 103 353  48]
('full', True, 'even', True)
[[[ 5.  1.  1.]
  [ 5.  4.  1.]
  [ 5.  4.  4.]]

 [[ 6.  1.  2.]
  [ 5.  5.  2.]
  [ 3.  4.  2.]]

 [[ 6.  6.  6.]
  [ 6.  6.  2.]
  [ 3.  3.  3.]]]
#
[456 565   1 271 371 154]
('full', True, 'even', True)
[[[ 5.  6.  6.]
  [ 5.  1.  1.]
  [ 5.  1.  3.]]

 [[ 6.  6.  6.]
  [ 5.  5.  6.]
  [ 4.  1.  3.]]

 [[ 2.  2.  2.]
  [ 4.  2.  3.]
  [ 4.  4.  3.]]]
#
[476 136 328  59 465 287]
('full', True, 'even', True)
[[[ 6.  6.  3.]
  [ 4.  6.  3.]
  [ 4.  4.  5.]]

 [[ 6.  6.  3.]
  [ 2.  5.  1.]
  [ 4.  5.  5.]]

 [[ 2.  6.  3.]
  [ 2.  1.  1.]
  [ 2.  1.  5.]]]
#
[476 136 328  63 246 430]
('full', True, 'even', True)
[[[ 6.  6.  3.]
  [ 4.  6.  3.]
  [ 4.  4.  3.]]

 [[ 6.  6.  3.]
  [ 2.  5.  5.]
  [ 4.  1.  1.]]

 [[ 2.  6.  5.]
  [ 2.  1.  5.]
  [ 2.  1.  5.]]]
#
[476 136 328  63 433 301]
('full', True, 'even', True)
[[[ 6.  6.  5.]
  [ 4.  6.  5.]
  [ 4.  4.  5.]]

 [[ 6.  6.  3.]
  [ 2.  5.  5.]
  [ 4.  1.  1.]]

 [[ 2.  6.  3.]
  [ 2.  1.  3.]
  [ 2.  1.  3.]]]
#
[476 148  35 233 415 339]
('full', True, 'even', True)
[[[ 6.  6.  5.]
  [ 1.  6.  3.]
  [ 3.  3.  3.]]

 [[ 6.  6.  5.]
  [ 1.  5.  5.]
  [ 1.  1.  4.]]

 [[ 2.  6.  5.]
  [ 2.  2.  4.]
  [ 2.  4.  4.]]]
#
[476 397 328  63 129 301]
('full', True, 'even', True)
[[[ 6.  6.  2.]
  [ 4.  6.  2.]
  [ 4.  4.  2.]]

 [[ 6.  6.  3.]
  [ 5.  5.  2.]
  [ 4.  1.  1.]]

 [[ 5.  6.  3.]
  [ 5.  1.  3.]
  [ 5.  1.  3.]]]
#
[476 397 328  63 246  98]
('full', True, 'even', True)
[[[ 6.  6.  3.]
  [ 4.  6.  3.]
  [ 4.  4.  3.]]

 [[ 6.  6.  3.]
  [ 5.  5.  2.]
  [ 4.  1.  1.]]

 [[ 5.  6.  2.]
  [ 5.  1.  2.]
  [ 5.  1.  2.]]]
#
[476 397 328 149  59 287]
('full', True, 'even', True)
[[[ 6.  6.  3.]
  [ 4.  6.  3.]
  [ 4.  4.  2.]]

 [[ 6.  6.  3.]
  [ 5.  5.  1.]
  [ 4.  2.  2.]]

 [[ 5.  6.  3.]
  [ 5.  1.  1.]
  [ 5.  1.  2.]]]
#
[476 413  35 233 153 339]
('full', True, 'even', True)
[[[ 6.  6.  2.]
  [ 1.  6.  3.]
  [ 3.  3.  3.]]

 [[ 6.  6.  2.]
  [ 1.  5.  2.]
  [ 1.  1.  4.]]

 [[ 5.  6.  2.]
  [ 5.  5.  4.]
  [ 5.  4.  4.]]]
#
[491  99 278 410 371  90]
('full', True, 'even', True)
[[[ 6.  6.  3.]
  [ 6.  2.  5.]
  [ 2.  2.  2.]]

 [[ 6.  5.  3.]
  [ 6.  5.  5.]
  [ 4.  5.  1.]]

 [[ 6.  3.  3.]
  [ 4.  1.  1.]
  [ 4.  4.  1.]]]
#
[491 277 158 386 358  71]
('full', True, 'even', True)
[[[ 6.  6.  2.]
  [ 6.  2.  2.]
  [ 3.  3.  2.]]

 [[ 6.  5.  4.]
  [ 6.  5.  1.]
  [ 3.  5.  1.]]

 [[ 6.  4.  4.]
  [ 5.  5.  4.]
  [ 3.  1.  1.]]]
#
[491 277 340 465   4 113]
('full', True, 'even', True)
[[[ 6.  6.  4.]
  [ 6.  4.  4.]
  [ 3.  3.  5.]]

 [[ 6.  1.  1.]
  [ 6.  5.  4.]
  [ 3.  5.  5.]]

 [[ 6.  2.  1.]
  [ 2.  2.  1.]
  [ 3.  2.  5.]]]
#
[491 277 470 113 334   4]
('full', True, 'even', True)
[[[ 6.  6.  5.]
  [ 6.  5.  5.]
  [ 3.  3.  5.]]

 [[ 6.  1.  1.]
  [ 6.  5.  4.]
  [ 3.  4.  4.]]

 [[ 6.  2.  1.]
  [ 2.  2.  1.]
  [ 3.  2.  4.]]]
#
[491 379 245 340   4 113]
('full', True, 'even', True)
[[[ 6.  6.  4.]
  [ 6.  4.  4.]
  [ 5.  3.  3.]]

 [[ 6.  1.  1.]
  [ 6.  5.  4.]
  [ 5.  5.  3.]]

 [[ 6.  2.  1.]
  [ 2.  2.  1.]
  [ 5.  2.  3.]]]
#
[510  99 331  31 417 239]
('full', True, 'even', True)
[[[ 6.  4.  4.]
  [ 6.  2.  4.]
  [ 2.  2.  2.]]

 [[ 6.  6.  4.]
  [ 6.  5.  1.]
  [ 6.  1.  1.]]

 [[ 3.  3.  3.]
  [ 3.  5.  1.]
  [ 5.  5.  5.]]]
#
[510  99 331  31 440 242]
('full', True, 'even', True)
[[[ 6.  4.  4.]
  [ 6.  2.  4.]
  [ 2.  2.  2.]]

 [[ 6.  6.  4.]
  [ 6.  5.  1.]
  [ 6.  1.  1.]]

 [[ 5.  5.  5.]
  [ 3.  5.  1.]
  [ 3.  3.  3.]]]
#
[510  99 331  63 430 217]
('full', True, 'even', True)
[[[ 6.  4.  4.]
  [ 6.  2.  4.]
  [ 2.  2.  2.]]

 [[ 6.  6.  4.]
  [ 6.  5.  5.]
  [ 6.  1.  1.]]

 [[ 3.  3.  5.]
  [ 3.  1.  5.]
  [ 3.  1.  5.]]]
#
[510 107  26 278 339 413]
('full', True, 'even', True)
[[[ 6.  1.  3.]
  [ 6.  1.  1.]
  [ 2.  2.  2.]]

 [[ 6.  6.  3.]
  [ 6.  5.  1.]
  [ 6.  2.  4.]]

 [[ 5.  3.  3.]
  [ 5.  5.  4.]
  [ 5.  4.  4.]]]
#
[510 376  26 278 339 148]
('full', True, 'even', True)
[[[ 6.  1.  3.]
  [ 6.  1.  1.]
  [ 5.  5.  5.]]

 [[ 6.  6.  3.]
  [ 6.  5.  1.]
  [ 6.  5.  4.]]

 [[ 2.  3.  3.]
  [ 2.  2.  4.]
  [ 2.  4.  4.]]]
#
[510 399 331  31 154 242]
('full', True, 'even', True)
[[[ 6.  4.  4.]
  [ 6.  5.  4.]
  [ 5.  5.  5.]]

 [[ 6.  6.  4.]
  [ 6.  5.  1.]
  [ 6.  1.  1.]]

 [[ 2.  2.  2.]
  [ 3.  2.  1.]
  [ 3.  3.  3.]]]
#
[510 399 331  31 239 152]
('full', True, 'even', True)
[[[ 6.  4.  4.]
  [ 6.  5.  4.]
  [ 5.  5.  5.]]

 [[ 6.  6.  4.]
  [ 6.  5.  1.]
  [ 6.  1.  1.]]

 [[ 3.  3.  3.]
  [ 3.  2.  1.]
  [ 2.  2.  2.]]]
#
[510 399 331  98  63 217]
('full', True, 'even', True)
[[[ 6.  4.  4.]
  [ 6.  5.  4.]
  [ 5.  5.  5.]]

 [[ 6.  6.  4.]
  [ 6.  5.  2.]
  [ 6.  1.  1.]]

 [[ 3.  3.  2.]
  [ 3.  1.  2.]
  [ 3.  1.  2.]]]
#
[527 150 322  31 237 417]
('full', True, 'even', True)
[[[ 6.  6.  2.]
  [ 6.  6.  6.]
  [ 3.  3.  3.]]

 [[ 4.  2.  2.]
  [ 6.  5.  1.]
  [ 3.  1.  1.]]

 [[ 4.  4.  2.]
  [ 4.  5.  1.]
  [ 5.  5.  5.]]]
#
[527 150 322  59 379 245]
('full', True, 'even', True)
[[[ 6.  6.  2.]
  [ 6.  6.  6.]
  [ 5.  3.  3.]]

 [[ 4.  2.  2.]
  [ 6.  5.  1.]
  [ 5.  5.  3.]]

 [[ 4.  4.  2.]
  [ 4.  1.  1.]
  [ 5.  1.  3.]]]
#
[527 150 322  59 465 277]
('full', True, 'even', True)
[[[ 6.  6.  2.]
  [ 6.  6.  6.]
  [ 3.  3.  5.]]

 [[ 4.  2.  2.]
  [ 6.  5.  1.]
  [ 3.  5.  5.]]

 [[ 4.  4.  2.]
  [ 4.  1.  1.]
  [ 3.  1.  5.]]]
#
[527 153  94 310 376 339]
('full', True, 'even', True)
[[[ 6.  6.  2.]
  [ 6.  6.  6.]
  [ 5.  5.  5.]]

 [[ 1.  1.  2.]
  [ 6.  5.  2.]
  [ 3.  5.  4.]]

 [[ 3.  1.  2.]
  [ 3.  1.  4.]
  [ 3.  4.  4.]]]
#
[527 415  94 310 107 339]
('full', True, 'even', True)
[[[ 6.  6.  5.]
  [ 6.  6.  6.]
  [ 2.  2.  2.]]

 [[ 1.  1.  5.]
  [ 6.  5.  5.]
  [ 3.  2.  4.]]

 [[ 3.  1.  5.]
  [ 3.  1.  4.]
  [ 3.  4.  4.]]]
#
[527 439 322  31 237 152]
('full', True, 'even', True)
[[[ 6.  6.  5.]
  [ 6.  6.  6.]
  [ 3.  3.  3.]]

 [[ 4.  5.  5.]
  [ 6.  5.  1.]
  [ 3.  1.  1.]]

 [[ 4.  4.  5.]
  [ 4.  2.  1.]
  [ 2.  2.  2.]]]
#
[527 439 322  59 117 245]
('full', True, 'even', True)
[[[ 6.  6.  5.]
  [ 6.  6.  6.]
  [ 2.  3.  3.]]

 [[ 4.  5.  5.]
  [ 6.  5.  1.]
  [ 2.  2.  3.]]

 [[ 4.  4.  5.]
  [ 4.  1.  1.]
  [ 2.  1.  3.]]]
#
[527 439 322  59 277 149]
('full', True, 'even', True)
[[[ 6.  6.  5.]
  [ 6.  6.  6.]
  [ 3.  3.  2.]]

 [[ 4.  5.  5.]
  [ 6.  5.  1.]
  [ 3.  2.  2.]]

 [[ 4.  4.  5.]
  [ 4.  1.  1.]
  [ 3.  1.  2.]]]
#
[528 126 215 405 322   4]
('full', True, 'even', True)
[[[ 6.  3.  3.]
  [ 6.  5.  3.]
  [ 6.  6.  3.]]

 [[ 4.  1.  1.]
  [ 6.  5.  5.]
  [ 6.  2.  5.]]

 [[ 4.  4.  1.]
  [ 4.  5.  1.]
  [ 2.  2.  2.]]]
#
[528 183 149 389 331  28]
('full', True, 'even', True)
[[[ 6.  4.  4.]
  [ 6.  5.  4.]
  [ 6.  6.  2.]]

 [[ 5.  5.  4.]
  [ 6.  5.  1.]
  [ 6.  2.  2.]]

 [[ 3.  1.  1.]
  [ 3.  5.  1.]
  [ 3.  3.  2.]]]
#
[528 183 342 438  70 147]
('full', True, 'even', True)
[[[ 6.  2.  1.]
  [ 6.  1.  1.]
  [ 6.  6.  4.]]

 [[ 2.  2.  1.]
  [ 6.  5.  4.]
  [ 6.  4.  4.]]

 [[ 3.  2.  5.]
  [ 3.  5.  5.]
  [ 3.  3.  5.]]]
#
[528 183 465 147 354  70]
('full', True, 'even', True)
[[[ 6.  2.  1.]
  [ 6.  1.  1.]
  [ 6.  6.  5.]]

 [[ 2.  2.  1.]
  [ 6.  5.  4.]
  [ 6.  5.  5.]]

 [[ 3.  2.  4.]
  [ 3.  4.  4.]
  [ 3.  3.  5.]]]
#
[528 413 190 342  70 147]
('full', True, 'even', True)
[[[ 6.  2.  1.]
  [ 6.  1.  1.]
  [ 6.  6.  4.]]

 [[ 2.  2.  1.]
  [ 6.  5.  4.]
  [ 6.  4.  4.]]

 [[ 5.  2.  3.]
  [ 5.  5.  3.]
  [ 5.  3.  3.]]]
#
[533 150 310 383 321  80]
('full', True, 'even', True)
[[[ 6.  6.  2.]
  [ 6.  6.  4.]
  [ 6.  4.  4.]]

 [[ 6.  2.  2.]
  [ 5.  5.  5.]
  [ 3.  1.  4.]]

 [[ 3.  5.  2.]
  [ 3.  5.  1.]
  [ 3.  1.  1.]]]
#
[533 246  96  67 317 430]
('full', True, 'even', True)
[[[ 6.  6.  3.]
  [ 6.  6.  3.]
  [ 6.  2.  3.]]

 [[ 6.  4.  3.]
  [ 1.  5.  5.]
  [ 2.  2.  2.]]

 [[ 4.  4.  5.]
  [ 1.  4.  5.]
  [ 1.  1.  5.]]]
#
[533 246  96  67 390 372]
('full', True, 'even', True)
[[[ 6.  6.  3.]
  [ 6.  6.  3.]
  [ 6.  2.  3.]]

 [[ 6.  5.  3.]
  [ 1.  5.  4.]
  [ 2.  2.  2.]]

 [[ 5.  5.  5.]
  [ 1.  4.  4.]
  [ 1.  1.  4.]]]
#
[533 246 444 371  90 163]
('full', True, 'even', True)
[[[ 6.  6.  3.]
  [ 6.  6.  3.]
  [ 6.  5.  3.]]

 [[ 6.  2.  3.]
  [ 5.  5.  5.]
  [ 4.  5.  1.]]

 [[ 2.  2.  2.]
  [ 4.  1.  1.]
  [ 4.  4.  1.]]]
#
[533 433 301 317  67  96]
('full', True, 'even', True)
[[[ 6.  6.  5.]
  [ 6.  6.  5.]
  [ 6.  2.  5.]]

 [[ 6.  4.  3.]
  [ 1.  5.  5.]
  [ 2.  2.  2.]]

 [[ 4.  4.  3.]
  [ 1.  4.  3.]
  [ 1.  1.  3.]]]
#
[535 136 233 443 358  71]
('full', True, 'even', True)
[[[ 6.  6.  6.]
  [ 6.  5.  3.]
  [ 3.  3.  3.]]

 [[ 6.  6.  4.]
  [ 2.  5.  1.]
  [ 5.  5.  1.]]

 [[ 2.  4.  4.]
  [ 2.  5.  4.]
  [ 2.  1.  1.]]]
#
[535 239 125 446 321  80]
('full', True, 'even', True)
[[[ 6.  6.  6.]
  [ 6.  5.  4.]
  [ 2.  4.  4.]]

 [[ 6.  6.  5.]
  [ 2.  5.  5.]
  [ 2.  1.  4.]]

 [[ 3.  3.  3.]
  [ 3.  5.  1.]
  [ 2.  1.  1.]]]
#
[535 239 352 417  14 135]
('full', True, 'even', True)
[[[ 6.  6.  6.]
  [ 6.  1.  2.]
  [ 4.  1.  1.]]

 [[ 6.  6.  2.]
  [ 4.  5.  2.]
  [ 4.  4.  1.]]

 [[ 3.  3.  3.]
  [ 3.  5.  2.]
  [ 5.  5.  5.]]]
#
[535 239 396 135 313  14]
('full', True, 'even', True)
[[[ 6.  6.  6.]
  [ 6.  1.  2.]
  [ 5.  1.  1.]]

 [[ 6.  6.  2.]
  [ 5.  5.  2.]
  [ 5.  4.  1.]]

 [[ 3.  3.  3.]
  [ 3.  4.  2.]
  [ 5.  4.  4.]]]
#
[535 440 242 352  14 135]
('full', True, 'even', True)
[[[ 6.  6.  6.]
  [ 6.  1.  2.]
  [ 4.  1.  1.]]

 [[ 6.  6.  2.]
  [ 4.  5.  2.]
  [ 4.  4.  1.]]

 [[ 5.  5.  5.]
  [ 3.  5.  2.]
  [ 3.  3.  3.]]]
#
[537 124 225 403 331  14]
('full', True, 'even', True)
[[[ 6.  4.  4.]
  [ 3.  1.  4.]
  [ 3.  1.  1.]]

 [[ 6.  6.  4.]
  [ 5.  5.  5.]
  [ 3.  5.  1.]]

 [[ 6.  6.  2.]
  [ 6.  2.  2.]
  [ 3.  5.  2.]]]
#
[537 212 161  12 342 417]
('full', True, 'even', True)
[[[ 6.  2.  3.]
  [ 2.  2.  2.]
  [ 1.  1.  4.]]

 [[ 6.  6.  3.]
  [ 1.  5.  4.]
  [ 1.  4.  4.]]

 [[ 6.  6.  3.]
  [ 6.  5.  3.]
  [ 5.  5.  5.]]]
#
[537 212 161  12 429 319]
('full', True, 'even', True)
[[[ 6.  2.  3.]
  [ 2.  2.  2.]
  [ 1.  1.  5.]]

 [[ 6.  6.  3.]
  [ 1.  5.  5.]
  [ 1.  4.  5.]]

 [[ 6.  6.  3.]
  [ 6.  4.  3.]
  [ 4.  4.  5.]]]
#
[537 212 455 328   3 152]
('full', True, 'even', True)
[[[ 6.  5.  3.]
  [ 4.  5.  1.]
  [ 4.  4.  1.]]

 [[ 6.  6.  3.]
  [ 5.  5.  5.]
  [ 4.  1.  1.]]

 [[ 6.  6.  3.]
  [ 6.  2.  3.]
  [ 2.  2.  2.]]]
#
[537 415 271 319  12 161]
('full', True, 'even', True)
[[[ 6.  2.  5.]
  [ 2.  2.  2.]
  [ 1.  1.  3.]]

 [[ 6.  6.  5.]
  [ 1.  5.  5.]
  [ 1.  4.  3.]]

 [[ 6.  6.  5.]
  [ 6.  4.  3.]
  [ 4.  4.  3.]]]
#
[547 164 175 402 328  67]
('full', True, 'even', True)
[[[ 6.  6.  6.]
  [ 4.  6.  6.]
  [ 4.  4.  2.]]

 [[ 3.  5.  6.]
  [ 1.  5.  2.]
  [ 4.  5.  2.]]

 [[ 3.  3.  3.]
  [ 1.  5.  5.]
  [ 1.  1.  2.]]]
#
[547 224 167  88 354 436]
('full', True, 'even', True)
[[[ 6.  6.  6.]
  [ 2.  6.  6.]
  [ 3.  3.  3.]]

 [[ 2.  1.  6.]
  [ 2.  5.  4.]
  [ 2.  5.  3.]]

 [[ 1.  1.  4.]
  [ 1.  4.  4.]
  [ 5.  5.  5.]]]
#
[547 224 167  88 430 319]
('full', True, 'even', True)
[[[ 6.  6.  6.]
  [ 2.  6.  6.]
  [ 3.  3.  3.]]

 [[ 2.  1.  6.]
  [ 2.  5.  5.]
  [ 2.  4.  3.]]

 [[ 1.  1.  5.]
  [ 1.  4.  5.]
  [ 4.  4.  5.]]]
#
[547 224 412 322  75  98]
('full', True, 'even', True)
[[[ 6.  6.  6.]
  [ 5.  6.  6.]
  [ 3.  3.  3.]]

 [[ 4.  5.  6.]
  [ 5.  5.  2.]
  [ 1.  5.  3.]]

 [[ 4.  4.  2.]
  [ 4.  1.  2.]
  [ 1.  1.  2.]]]
#
[547 376 180 354  88 167]
('full', True, 'even', True)
[[[ 6.  6.  6.]
  [ 2.  6.  6.]
  [ 5.  5.  5.]]

 [[ 2.  1.  6.]
  [ 2.  5.  4.]
  [ 2.  5.  3.]]

 [[ 1.  1.  4.]
  [ 1.  4.  4.]
  [ 3.  3.  3.]]]
#
