[216, 72, 1210, 961, 1544, 418, 734, 1334, 906, 1647, 1388, 582, 809]
[216, 112, 1280, 1696, 734, 422, 645, 1388, 997, 906, 1197, 810, 1586]
[216, 326, 31, 1595, 890, 660, 832, 1120, 562, 1304, 983, 1625, 1499]
[216, 326, 730, 895, 1071, 593, 790, 1578, 20, 1767, 1118, 1486, 1251]
[216, 326, 731, 899, 1138, 1606, 181, 983, 1756, 1416, 1316, 599, 800]
[216, 326, 823, 929, 1460, 135, 1251, 709, 1056, 1581, 1132, 1633, 537]
[216, 386, 795, 872, 1251, 1457, 126, 527, 1132, 1730, 657, 1597, 941]
[216, 419, 1784, 1210, 1485, 130, 1060, 847, 562, 1240, 809, 1585, 675]
[216, 444, 203, 1582, 1243, 1056, 1170, 1609, 1427, 887, 661, 829, 560]
[216, 444, 823, 1554, 1396, 841, 1028, 565, 1360, 1653, 661, 8, 1211]
[216, 444, 1016, 670, 1574, 749, 521, 841, 135, 1217, 1329, 1675, 1420]
[216, 444, 1037, 628, 130, 739, 1329, 1772, 1533, 833, 884, 1137, 1450]
[216, 444, 1560, 981, 1182, 1360, 736, 844, 522, 1746, 832, 1427, 97]
[216, 459, 731, 1028, 140, 1154, 920, 526, 1277, 833, 1687, 1396, 1554]
[216, 545, 910, 679, 1296, 1587, 479, 834, 980, 133, 1198, 1671, 1484]
[216, 545, 1519, 449, 913, 1215, 739, 1329, 770, 1046, 17, 1511, 1735]
[216, 545, 1519, 449, 913, 1215, 739, 1329, 770, 1046, 17, 1774, 1480]
[216, 561, 752, 905, 200, 1310, 1435, 1526, 1032, 740, 1781, 1126, 422]
[216, 561, 1041, 1582, 1716, 1082, 782, 377, 856, 1250, 1424, 657, 166]
[216, 845, 516, 408, 1268, 962, 1172, 714, 36, 767, 1605, 1508, 1660]
[216, 845, 572, 725, 1535, 1038, 1449, 1139, 429, 1643, 1308, 754, 161]
[216, 845, 674, 1361, 1107, 752, 6, 501, 629, 1523, 1688, 1058, 1448]
[216, 846, 1212, 731, 624, 1744, 1576, 345, 1465, 828, 1352, 973, 37]
[216, 853, 818, 155, 447, 1200, 645, 1770, 1576, 663, 961, 1327, 1406]
[216, 853, 818, 335, 103, 1478, 937, 516, 1781, 714, 1593, 1217, 1254]
[216, 861, 800, 1786, 1516, 1462, 77, 452, 616, 975, 1257, 1152, 680]
[216, 861, 1514, 1086, 1703, 959, 750, 691, 1340, 584, 1402, 397, 117]
[216, 862, 800, 1086, 101, 736, 1563, 605, 1329, 405, 995, 1772, 1420]
[216, 862, 1520, 691, 1788, 750, 1139, 200, 1286, 643, 337, 1375, 954]
[216, 868, 170, 1204, 1356, 679, 954, 1531, 322, 1766, 798, 601, 1424]
[216, 868, 731, 1514, 1794, 1511, 1159, 1070, 601, 834, 1273, 441, 77]
[216, 868, 772, 736, 1159, 1544, 1050, 3, 474, 601, 1282, 1424, 1673]
[216, 868, 772, 736, 1159, 1544, 1050, 3, 474, 601, 1282, 1751, 1433]
[216, 868, 772, 1113, 1386, 557, 1546, 374, 691, 1633, 1269, 1046, 43]
[216, 868, 795, 1113, 691, 1386, 1269, 1651, 1046, 43, 1546, 557, 374]
[216, 868, 1128, 88, 1696, 1040, 1243, 661, 1427, 526, 744, 1592, 322]
[216, 868, 1284, 1094, 725, 3, 473, 526, 1762, 1073, 815, 1546, 1427]
[216, 868, 1519, 760, 1090, 1059, 1396, 1738, 1356, 601, 318, 26, 681]
[216, 885, 691, 1019, 44, 1732, 333, 1544, 772, 1092, 1459, 1230, 537]
[216, 894, 752, 1223, 1334, 489, 696, 947, 1392, 1528, 510, 1687, 79]
[216, 894, 752, 1251, 200, 996, 1686, 352, 666, 1094, 1528, 546, 1477]
[216, 894, 1041, 691, 1334, 788, 313, 113, 1528, 582, 1113, 1388, 1690]
[216, 896, 422, 645, 1323, 1057, 1092, 126, 1443, 835, 1788, 1521, 696]
[216, 896, 422, 645, 1323, 1057, 1092, 126, 1443, 1777, 808, 1521, 696]
[216, 896, 422, 645, 1323, 1057, 1092, 126, 1671, 1460, 808, 1521, 696]
[216, 896, 422, 767, 1095, 725, 557, 1451, 1240, 1060, 1600, 104, 1626]
[216, 914, 51, 790, 1587, 1132, 691, 1018, 1676, 1258, 564, 333, 1459]
[216, 914, 590, 420, 1552, 203, 1147, 995, 737, 1728, 756, 1485, 1324]
[216, 914, 590, 752, 503, 1210, 675, 1500, 1550, 1788, 88, 951, 1282]
[216, 914, 1212, 674, 624, 203, 1365, 1588, 1073, 1634, 1491, 750, 345]
[216, 914, 1240, 1474, 994, 159, 1170, 790, 741, 1514, 631, 479, 1620]
[216, 914, 1388, 452, 1048, 1562, 1733, 601, 120, 714, 1197, 773, 1347]
[216, 914, 1746, 1082, 1591, 1028, 661, 88, 532, 768, 1335, 1386, 488]
[216, 921, 343, 680, 795, 505, 203, 1310, 1728, 1408, 1132, 1053, 1544]
[216, 921, 530, 680, 752, 1479, 203, 1576, 1217, 1694, 1228, 313, 995]
[216, 921, 1240, 155, 601, 1595, 1424, 1770, 1040, 1179, 767, 725, 344]
[216, 921, 1240, 815, 1030, 420, 1486, 170, 635, 1794, 1578, 1199, 679]
[216, 1087, 910, 681, 1514, 305, 632, 1292, 1734, 41, 1001, 1488, 834]
[216, 1105, 101, 1022, 1523, 871, 661, 832, 542, 1415, 1689, 1259, 308]
[216, 1105, 101, 1022, 1744, 661, 871, 752, 1282, 1600, 1486, 503, 510]
[216, 1105, 1071, 639, 20, 886, 659, 1576, 767, 1341, 480, 1623, 1434]
[216, 1156, 841, 1594, 101, 477, 1718, 680, 785, 985, 599, 1449, 1360]
[216, 1156, 946, 834, 1546, 356, 584, 725, 1300, 1474, 180, 844, 1635]
[216, 1156, 1605, 803, 858, 301, 1474, 140, 1244, 736, 1057, 529, 1647]
[216, 1156, 1605, 803, 858, 725, 572, 343, 1406, 39, 1030, 1727, 1250]
[216, 1190, 1521, 479, 562, 965, 800, 691, 842, 174, 1480, 1692, 1240]
[216, 1501, 832, 1344, 543, 1788, 871, 135, 439, 1202, 941, 649, 1552]
[216, 1517, 33, 1056, 1336, 1197, 666, 865, 756, 642, 1455, 479, 1706]
[216, 1517, 33, 1092, 1336, 1458, 932, 1679, 741, 803, 517, 973, 374]
[216, 1517, 452, 1388, 967, 1682, 133, 1097, 513, 1331, 801, 648, 864]
[216, 1517, 572, 306, 825, 935, 739, 1663, 1178, 1369, 1243, 948, 68]
[216, 1517, 572, 1056, 725, 788, 902, 1730, 370, 1449, 44, 1318, 1217]
[216, 1517, 817, 306, 1041, 542, 675, 1637, 1427, 1217, 1289, 935, 157]
[216, 1517, 859, 31, 1006, 670, 1217, 344, 1234, 554, 1508, 1609, 774]
[216, 1517, 859, 31, 1006, 670, 1217, 344, 1234, 554, 1619, 774, 1495]
[216, 1542, 1028, 767, 344, 902, 564, 1169, 36, 1327, 1388, 1714, 740]
[216, 1542, 1041, 542, 1650, 1482, 657, 857, 1245, 1126, 774, 27, 373]
[216, 1584, 33, 823, 1056, 1248, 1213, 477, 1491, 1737, 661, 920, 633]
[216, 1584, 33, 823, 1056, 1248, 1213, 904, 423, 661, 633, 1737, 1491]
[216, 1584, 516, 1788, 899, 1083, 1385, 479, 204, 1331, 770, 680, 1038]
[216, 1584, 674, 553, 961, 872, 314, 1092, 15, 1680, 1266, 1475, 790]
[216, 1584, 795, 856, 1089, 1341, 680, 1070, 343, 31, 1625, 1454, 532]
[216, 1584, 1071, 1115, 9, 788, 486, 1746, 681, 874, 601, 1424, 1251]
[216, 1584, 1335, 51, 371, 970, 1150, 648, 626, 1667, 920, 768, 1462]
[216, 1603, 615, 752, 736, 480, 1752, 1336, 1450, 928, 1137, 41, 969]
[216, 1603, 1710, 935, 109, 418, 1454, 1292, 975, 1205, 599, 665, 744]
[217, 500, 666, 1038, 10, 1139, 1515, 1322, 1392, 933, 1765, 774, 606]
[217, 864, 1336, 78, 1630, 640, 795, 1089, 1555, 1046, 729, 1422, 446]
[217, 865, 648, 381, 1783, 640, 1161, 1000, 1487, 744, 1561, 179, 1300]
[217, 872, 626, 1765, 436, 795, 953, 1600, 691, 1152, 1402, 1328, 148]
[217, 872, 833, 658, 420, 1427, 1243, 530, 1091, 1027, 1747, 1573, 205]
[217, 872, 981, 610, 1636, 1297, 653, 1159, 1577, 1378, 64, 479, 750]
[217, 872, 981, 610, 1636, 1297, 1557, 1159, 479, 750, 1378, 64, 689]
[217, 872, 1296, 1386, 711, 76, 349, 1169, 827, 548, 943, 1607, 1769]
[217, 898, 513, 1356, 1499, 1708, 653, 766, 1177, 1570, 489, 1054, 57]
[217, 898, 1523, 1199, 736, 1044, 1709, 25, 302, 747, 1424, 1361, 616]
[217, 904, 31, 1597, 1347, 653, 302, 832, 631, 1205, 999, 1611, 1421]
[217, 904, 377, 1263, 956, 1, 825, 1478, 1650, 1566, 1091, 633, 736]
[217, 962, 1786, 143, 1499, 494, 815, 506, 1350, 1573, 884, 1091, 736]
[217, 1195, 408, 1006, 121, 1347, 722, 1437, 517, 1706, 876, 780, 1581]
[217, 1195, 823, 565, 1512, 167, 922, 1643, 1335, 1052, 1409, 659, 469]
[217, 1514, 408, 681, 1725, 1076, 123, 780, 1118, 848, 1226, 1500, 568]
[217, 1520, 377, 553, 1287, 1076, 750, 889, 1378, 1715, 680, 1122, 84]
[217, 1520, 377, 1147, 801, 732, 889, 1686, 990, 640, 1344, 29, 1378]
[217, 1520, 935, 1642, 1493, 839, 101, 675, 1139, 542, 1008, 389, 1344]
[217, 1520, 1016, 1296, 770, 711, 1383, 196, 314, 606, 1112, 883, 1686]
[217, 1520, 1141, 833, 653, 1010, 528, 1433, 65, 314, 922, 1677, 1320]
[217, 1520, 1141, 954, 711, 77, 928, 511, 820, 1709, 1297, 492, 1500]
[217, 1710, 1016, 1296, 638, 736, 10, 1497, 1144, 825, 922, 1591, 421]
[218, 17, 1584, 820, 1049, 908, 1301, 613, 452, 1198, 1417, 694, 1706]
[218, 78, 707, 572, 1092, 920, 783, 467, 1755, 1360, 952, 1488, 1591]
[218, 78, 779, 852, 574, 675, 1117, 1741, 939, 322, 1469, 1341, 1580]
[218, 485, 706, 970, 826, 36, 1154, 1331, 1592, 1730, 572, 1463, 918]
[218, 513, 3, 866, 452, 703, 782, 951, 1598, 1266, 1756, 1406, 1142]
[218, 513, 719, 189, 1312, 1664, 1600, 1368, 856, 1098, 1041, 744, 441]
[218, 513, 1474, 1017, 496, 1092, 759, 924, 1559, 64, 1329, 1772, 667]
[218, 513, 1492, 697, 781, 1092, 68, 924, 1559, 1772, 1329, 439, 998]
[218, 749, 1121, 561, 871, 1406, 1739, 1281, 939, 1559, 743, 49, 418]
[218, 749, 1121, 1595, 1298, 189, 908, 642, 1706, 717, 1073, 1374, 411]
[218, 790, 3, 991, 845, 382, 1430, 613, 1331, 1085, 701, 1724, 1527]
[218, 790, 3, 991, 845, 382, 1430, 613, 1331, 1085, 1543, 1724, 702]
